# Azimuthal angle $\chi$ (deg)
-8.994260203397396936e+01
-8.982780610192187964e+01
-8.971301016986978993e+01
-8.959821423781770022e+01
-8.948341830576561051e+01
-8.936862237371352080e+01
-8.925382644166145951e+01
-8.913903050960936980e+01
-8.902423457755728009e+01
-8.890943864550519038e+01
-8.879464271345310067e+01
-8.867984678140101096e+01
-8.856505084934894967e+01
-8.845025491729685996e+01
-8.833545898524474183e+01
-8.822066305319268054e+01
-8.810586712114059083e+01
-8.799107118908850111e+01
-8.787627525703643983e+01
-8.776147932498435011e+01
-8.764668339293223198e+01
-8.753188746088017069e+01
-8.741709152882808098e+01
-8.730229559677599127e+01
-8.718749966472392998e+01
-8.707270373267181185e+01
-8.695790780061975056e+01
-8.684311186856766085e+01
-8.672831593651557114e+01
-8.661352000446348143e+01
-8.649872407241142014e+01
-8.638392814035930201e+01
-8.626913220830724072e+01
-8.615433627625515101e+01
-8.603954034420306130e+01
-8.592474441215100001e+01
-8.580994848009888187e+01
-8.569515254804679216e+01
-8.558035661599473087e+01
-8.546556068394264116e+01
-8.535076475189055145e+01
-8.523596881983849016e+01
-8.512117288778637203e+01
-8.500637695573428232e+01
-8.489158102368222103e+01
-8.477678509163013132e+01
-8.466198915957804161e+01
-8.454719322752595190e+01
-8.443239729547386219e+01
-8.431760136342177248e+01
-8.420280543136971119e+01
-8.408800949931762148e+01
-8.397321356726553176e+01
-8.385841763521344205e+01
-8.374362170316135234e+01
-8.362882577110926263e+01
-8.351402983905720134e+01
-8.339923390700511163e+01
-8.328443797495299350e+01
-8.316964204290093221e+01
-8.305484611084884250e+01
-8.294005017879675279e+01
-8.282525424674469150e+01
-8.271045831469260179e+01
-8.259566238264048366e+01
-8.248086645058842237e+01
-8.236607051853633266e+01
-8.225127458648424295e+01
-8.213647865443218166e+01
-8.202168272238006352e+01
-8.190688679032800223e+01
-8.179209085827591252e+01
-8.167729492622382281e+01
-8.156249899417173310e+01
-8.144770306211967181e+01
-8.133290713006755368e+01
-8.121811119801549239e+01
-8.110331526596340268e+01
-8.098851933391131297e+01
-8.087372340185925168e+01
-8.075892746980713355e+01
-8.064413153775504384e+01
-8.052933560570298255e+01
-8.041453967365089284e+01
-8.029974374159880313e+01
-8.018494780954674184e+01
-8.007015187749462370e+01
-7.995535594544253399e+01
-7.984056001339047270e+01
-7.972576408133838299e+01
-7.961096814928629328e+01
-7.949617221723420357e+01
-7.938137628518211386e+01
-7.926658035313002415e+01
-7.915178442107796286e+01
-7.903698848902587315e+01
-7.892219255697378344e+01
-7.880739662492169373e+01
-7.869260069286960402e+01
-7.857780476081751431e+01
-7.846300882876545302e+01
-7.834821289671336331e+01
-7.823341696466124517e+01
-7.811862103260918389e+01
-7.800382510055709417e+01
-7.788902916850500446e+01
-7.777423323645294317e+01
-7.765943730440085346e+01
-7.754464137234873533e+01
-7.742984544029667404e+01
-7.731504950824458433e+01
-7.720025357619249462e+01
-7.708545764414043333e+01
-7.697066171208831520e+01
-7.685586578003622549e+01
-7.674106984798416420e+01
-7.662627391593207449e+01
-7.651147798387998478e+01
-7.639668205182792349e+01
-7.628188611977580535e+01
-7.616709018772374407e+01
-7.605229425567165435e+01
-7.593749832361956464e+01
-7.582270239156747493e+01
-7.570790645951538522e+01
-7.559311052746329551e+01
-7.547831459541123422e+01
-7.536351866335914451e+01
-7.524872273130705480e+01
-7.513392679925499351e+01
-7.501913086720287538e+01
-7.490433493515078567e+01
-7.478953900309872438e+01
-7.467474307104663467e+01
-7.455994713899454496e+01
-7.444515120694245525e+01
-7.433035527489036554e+01
-7.421555934283827582e+01
-7.410076341078621454e+01
-7.398596747873412482e+01
-7.387117154668203511e+01
-7.375637561462994540e+01
-7.364157968257785569e+01
-7.352678375052576598e+01
-7.341198781847370469e+01
-7.329719188642161498e+01
-7.318239595436949685e+01
-7.306760002231743556e+01
-7.295280409026534585e+01
-7.283800815821325614e+01
-7.272321222616119485e+01
-7.260841629410910514e+01
-7.249362036205698701e+01
-7.237882443000492572e+01
-7.226402849795283601e+01
-7.214923256590074629e+01
-7.203443663384868501e+01
-7.191964070179656687e+01
-7.180484476974447716e+01
-7.169004883769241587e+01
-7.157525290564032616e+01
-7.146045697358823645e+01
-7.134566104153617516e+01
-7.123086510948405703e+01
-7.111606917743199574e+01
-7.100127324537990603e+01
-7.088647731332781632e+01
-7.077168138127572661e+01
-7.065688544922363690e+01
-7.054208951717154719e+01
-7.042729358511948590e+01
-7.031249765306739619e+01
-7.019770172101530648e+01
-7.008290578896324519e+01
-6.996810985691112705e+01
-6.985331392485903734e+01
-6.973851799280697605e+01
-6.962372206075488634e+01
-6.950892612870279663e+01
-6.939413019665070692e+01
-6.927933426459861721e+01
-6.916453833254652750e+01
-6.904974240049446621e+01
-6.893494646844237650e+01
-6.882015053639028679e+01
-6.870535460433819708e+01
-6.859055867228610737e+01
-6.847576274023401766e+01
-6.836096680818195637e+01
-6.824617087612986666e+01
-6.813137494407774852e+01
-6.801657901202568723e+01
-6.790178307997359752e+01
-6.778698714792150781e+01
-6.767219121586944652e+01
-6.755739528381735681e+01
-6.744259935176523868e+01
-6.732780341971317739e+01
-6.721300748766108768e+01
-6.709821155560899797e+01
-6.698341562355693668e+01
-6.686861969150481855e+01
-6.675382375945272884e+01
-6.663902782740066755e+01
-6.652423189534857784e+01
-6.640943596329648813e+01
-6.629464003124442684e+01
-6.617984409919230870e+01
-6.606504816714024741e+01
-6.595025223508815770e+01
-6.583545630303606799e+01
-6.572066037098397828e+01
-6.560586443893188857e+01
-6.549106850687979886e+01
-6.537627257482773757e+01
-6.526147664277564786e+01
-6.514668071072355815e+01
-6.503188477867149686e+01
-6.491708884661937873e+01
-6.480229291456728902e+01
-6.468749698251522773e+01
-6.457270105046313802e+01
-6.445790511841104831e+01
-6.434310918635895860e+01
-6.422831325430686888e+01
-6.411351732225477917e+01
-6.399872139020271788e+01
-6.388392545815062817e+01
-6.376912952609853846e+01
-6.365433359404644875e+01
-6.353953766199435904e+01
-6.342474172994226933e+01
-6.330994579789020804e+01
-6.319514986583811833e+01
-6.308035393378600020e+01
-6.296555800173393891e+01
-6.285076206968184920e+01
-6.273596613762975949e+01
-6.262117020557769820e+01
-6.250637427352560849e+01
-6.239157834147349035e+01
-6.227678240942142907e+01
-6.216198647736933935e+01
-6.204719054531724964e+01
-6.193239461326518835e+01
-6.181759868121307022e+01
-6.170280274916098051e+01
-6.158800681710891922e+01
-6.147321088505682951e+01
-6.135841495300473980e+01
-6.124361902095267851e+01
-6.112882308890058880e+01
-6.101402715684847067e+01
-6.089923122479640938e+01
-6.078443529274431967e+01
-6.066963936069222996e+01
-6.055484342864014025e+01
-6.044004749658805054e+01
-6.032525156453598925e+01
-6.021045563248389954e+01
-6.009565970043180982e+01
-5.998086376837972011e+01
-5.986606783632765882e+01
-5.975127190427554069e+01
-5.963647597222347940e+01
-5.952168004017138969e+01
-5.940688410811929998e+01
-5.929208817606721027e+01
-5.917729224401512056e+01
-5.906249631196303085e+01
-5.894770037991096956e+01
-5.883290444785887985e+01
-5.871810851580679014e+01
-5.860331258375472885e+01
-5.848851665170261072e+01
-5.837372071965052100e+01
-5.825892478759845972e+01
-5.814412885554637000e+01
-5.802933292349425187e+01
-5.791453699144219058e+01
-5.779974105939010087e+01
-5.768494512733801116e+01
-5.757014919528594987e+01
-5.745535326323386016e+01
-5.734055733118177045e+01
-5.722576139912968074e+01
-5.711096546707759103e+01
-5.699616953502550132e+01
-5.688137360297344003e+01
-5.676657767092132190e+01
-5.665178173886923219e+01
-5.653698580681717090e+01
-5.642218987476508119e+01
-5.630739394271299147e+01
-5.619259801066093019e+01
-5.607780207860884047e+01
-5.596300614655672234e+01
-5.584821021450466105e+01
-5.573341428245257134e+01
-5.561861835040048163e+01
-5.550382241834839192e+01
-5.538902648629630221e+01
-5.527423055424424092e+01
-5.515943462219215121e+01
-5.504463869014006150e+01
-5.492984275808797179e+01
-5.481504682603591050e+01
-5.470025089398379237e+01
-5.458545496193173108e+01
-5.447065902987964137e+01
-5.435586309782755166e+01
-5.424106716577546194e+01
-5.412627123372337223e+01
-5.401147530167128252e+01
-5.389667936961922123e+01
-5.378188343756713152e+01
-5.366708750551504181e+01
-5.355229157346298052e+01
-5.343749564141086239e+01
-5.332269970935877268e+01
-5.320790377730671139e+01
-5.309310784525462168e+01
-5.297831191320250355e+01
-5.286351598115044226e+01
-5.274872004909835255e+01
-5.263392411704626284e+01
-5.251912818499420155e+01
-5.240433225294211184e+01
-5.228953632089002213e+01
-5.217474038883793241e+01
-5.205994445678584270e+01
-5.194514852473375299e+01
-5.183035259268169170e+01
-5.171555666062957357e+01
-5.160076072857748386e+01
-5.148596479652542257e+01
-5.137116886447333286e+01
-5.125637293242124315e+01
-5.114157700036918186e+01
-5.102678106831709215e+01
-5.091198513626497402e+01
-5.079718920421291273e+01
-5.068239327216082302e+01
-5.056759734010873331e+01
-5.045280140805664360e+01
-5.033800547600455388e+01
-5.022320954395249260e+01
-5.010841361190040288e+01
-4.999361767984831317e+01
-4.987882174779622346e+01
-4.976402581574416217e+01
-4.964922988369204404e+01
-4.953443395163998275e+01
-4.941963801958789304e+01
-4.930484208753580333e+01
-4.919004615548371362e+01
-4.907525022343162391e+01
-4.896045429137953420e+01
-4.884565835932747291e+01
-4.873086242727538320e+01
-4.861606649522329349e+01
-4.850127056317123220e+01
-4.838647463111911406e+01
-4.827167869906702435e+01
-4.815688276701496306e+01
-4.804208683496287335e+01
-4.792729090291075522e+01
-4.781249497085869393e+01
-4.769769903880660422e+01
-4.758290310675451451e+01
-4.746810717470245322e+01
-4.735331124265036351e+01
-4.723851531059827380e+01
-4.712371937854618409e+01
-4.700892344649409438e+01
-4.689412751444200467e+01
-4.677933158238994338e+01
-4.666453565033782525e+01
-4.654973971828573553e+01
-4.643494378623367425e+01
-4.632014785418158453e+01
-4.620535192212949482e+01
-4.609055599007743353e+01
-4.597576005802534382e+01
-4.586096412597322569e+01
-4.574616819392116440e+01
-4.563137226186907469e+01
-4.551657632981698498e+01
-4.540178039776489527e+01
-4.528698446571280556e+01
-4.517218853366071585e+01
-4.505739260160865456e+01
-4.494259666955656485e+01
-4.482780073750447514e+01
-4.471300480545241385e+01
-4.459820887340029572e+01
-4.448341294134823443e+01
-4.436861700929614472e+01
-4.425382107724405500e+01
-4.413902514519196529e+01
-4.402422921313987558e+01
-4.390943328108778587e+01
-4.379463734903572458e+01
-4.367984141698363487e+01
-4.356504548493154516e+01
-4.345024955287948387e+01
-4.333545362082736574e+01
-4.322065768877527603e+01
-4.310586175672321474e+01
-4.299106582467112503e+01
-4.287626989261900690e+01
-4.276147396056694561e+01
-4.264667802851485590e+01
-4.253188209646276619e+01
-4.241708616441070490e+01
-4.230229023235861519e+01
-4.218749430030652547e+01
-4.207269836825443576e+01
-4.195790243620234605e+01
-4.184310650415025634e+01
-4.172831057209819505e+01
-4.161351464004607692e+01
-4.149871870799398721e+01
-4.138392277594192592e+01
-4.126912684388983621e+01
-4.115433091183774650e+01
-4.103953497978568521e+01
-4.092473904773359550e+01
-4.080994311568147737e+01
-4.069514718362941608e+01
-4.058035125157732637e+01
-4.046555531952523665e+01
-4.035075938747314694e+01
-4.023596345542105723e+01
-4.012116752336896752e+01
-4.000637159131690623e+01
-3.989157565926481652e+01
-3.977677972721272681e+01
-3.966198379516066552e+01
-3.954718786310854739e+01
-3.943239193105648610e+01
-3.931759599900439639e+01
-3.920280006695230668e+01
-3.908800413490021697e+01
-3.897320820284812726e+01
-3.885841227079603755e+01
-3.874361633874397626e+01
-3.862882040669188655e+01
-3.851402447463979684e+01
-3.839922854258773555e+01
-3.828443261053561741e+01
-3.816963667848352770e+01
-3.805484074643146641e+01
-3.794004481437937670e+01
-3.782524888232727278e+01
-3.771045295027518307e+01
-3.759565701822310757e+01
-3.748086108617103207e+01
-3.736606515411894236e+01
-3.725126922206686686e+01
-3.713647329001479136e+01
-3.702167735796267323e+01
-3.690688142591059773e+01
-3.679208549385852223e+01
-3.667728956180643252e+01
-3.656249362975432859e+01
-3.644769769770225309e+01
-3.633290176565016338e+01
-3.621810583359808788e+01
-3.610330990154601238e+01
-3.598851396949392267e+01
-3.587371803744184717e+01
-3.575892210538974325e+01
-3.564412617333766775e+01
-3.552933024128557804e+01
-3.541453430923350254e+01
-3.529973837718139862e+01
-3.518494244512930891e+01
-3.507014651307723341e+01
-3.495535058102515791e+01
-3.484055464897306820e+01
-3.472575871692099270e+01
-3.461096278486891720e+01
-3.449616685281679906e+01
-3.438137092076472356e+01
-3.426657498871264806e+01
-3.415177905666055835e+01
-3.403698312460845443e+01
-3.392218719255637893e+01
-3.380739126050428922e+01
-3.369259532845221372e+01
-3.357779939640013822e+01
-3.346300346434804851e+01
-3.334820753229597301e+01
-3.323341160024386909e+01
-3.311861566819179359e+01
-3.300381973613970388e+01
-3.288902380408762838e+01
-3.277422787203552446e+01
-3.265943193998343475e+01
-3.254463600793135925e+01
-3.242984007587928375e+01
-3.231504414382719403e+01
-3.220024821177511853e+01
-3.208545227972304303e+01
-3.197065634767095332e+01
-3.185586041561884940e+01
-3.174106448356677390e+01
-3.162626855151466998e+01
-3.151147261946258027e+01
-3.139667668741050477e+01
-3.128188075535841506e+01
-3.116708482330633956e+01
-3.105228889125426406e+01
-3.093749295920217435e+01
-3.082269702715009885e+01
-3.070790109509802335e+01
-3.059310516304591943e+01
-3.047830923099382971e+01
-3.036351329894172579e+01
-3.024871736688965029e+01
-3.013392143483756058e+01
-3.001912550278548508e+01
-2.990432957073340958e+01
-2.978953363868131987e+01
-2.967473770662924437e+01
-2.955994177457716887e+01
-2.944514584252507916e+01
-2.933034991047297524e+01
-2.921555397842089974e+01
-2.910075804636878161e+01
-2.898596211431670611e+01
-2.887116618226463061e+01
-2.875637025021254090e+01
-2.864157431816046540e+01
-2.852677838610838990e+01
-2.841198245405630018e+01
-2.829718652200422468e+01
-2.818239058995214918e+01
-2.806759465790003105e+01
-2.795279872584795555e+01
-2.783800279379585163e+01
-2.772320686174377613e+01
-2.760841092969168642e+01
-2.749361499763961092e+01
-2.737881906558753542e+01
-2.726402313353544571e+01
-2.714922720148337021e+01
-2.703443126943128050e+01
-2.691963533737920500e+01
-2.680483940532710108e+01
-2.669004347327502558e+01
-2.657524754122290744e+01
-2.646045160917083194e+01
-2.634565567711875644e+01
-2.623085974506666673e+01
-2.611606381301459123e+01
-2.600126788096251573e+01
-2.588647194891042602e+01
-2.577167601685835052e+01
-2.565688008480627502e+01
-2.554208415275415689e+01
-2.542728822070208139e+01
-2.531249228864997747e+01
-2.519769635659790197e+01
-2.508290042454581226e+01
-2.496810449249373676e+01
-2.485330856044166126e+01
-2.473851262838957155e+01
-2.462371669633749605e+01
-2.450892076428540634e+01
-2.439412483223331662e+01
-2.427932890018122691e+01
-2.416453296812915141e+01
-2.404973703607704749e+01
-2.393494110402497199e+01
-2.382014517197289649e+01
-2.370534923992079257e+01
-2.359055330786871707e+01
-2.347575737581664157e+01
-2.336096144376453765e+01
-2.324616551171246215e+01
-2.313136957966038665e+01
-2.301657364760828273e+01
-2.290177771555620723e+01
-2.278698178350411752e+01
-2.267218585145204202e+01
-2.255738991939995230e+01
-2.244259398734786259e+01
-2.232779805529578709e+01
-2.221300212324369738e+01
-2.209820619119160767e+01
-2.198341025913953217e+01
-2.186861432708744246e+01
-2.175381839503535275e+01
-2.163902246298327725e+01
-2.152422653093117333e+01
-2.140943059887909783e+01
-2.129463466682702233e+01
-2.117983873477491841e+01
-2.106504280272284291e+01
-2.095024687067076741e+01
-2.083545093861866349e+01
-2.072065500656658799e+01
-2.060585907451451249e+01
-2.049106314246240856e+01
-2.037626721041033306e+01
-2.026147127835824335e+01
-2.014667534630615364e+01
-2.003187941425407814e+01
-1.991708348220198843e+01
-1.980228755014991293e+01
-1.968749161809782322e+01
-1.957269568604573351e+01
-1.945789975399365801e+01
-1.934310382194156830e+01
-1.922830788988947859e+01
-1.911351195783740309e+01
-1.899871602578529917e+01
-1.888392009373322367e+01
-1.876912416168114817e+01
-1.865432822962904424e+01
-1.853953229757696874e+01
-1.842473636552489324e+01
-1.830994043347278932e+01
-1.819514450142071382e+01
-1.808034856936863832e+01
-1.796555263731653440e+01
-1.785075670526445890e+01
-1.773596077321236919e+01
-1.762116484116027948e+01
-1.750636890910820398e+01
-1.739157297705611427e+01
-1.727677704500403877e+01
-1.716198111295194906e+01
-1.704718518089985935e+01
-1.693238924884778385e+01
-1.681759331679569414e+01
-1.670279738474360443e+01
-1.658800145269152893e+01
-1.647320552063943921e+01
-1.635840958858734950e+01
-1.624361365653527400e+01
-1.612881772448317008e+01
-1.601402179243109458e+01
-1.589922586037901908e+01
-1.578442992832691516e+01
-1.566963399627483966e+01
-1.555483806422276416e+01
-1.544004213217066024e+01
-1.532524620011858474e+01
-1.521045026806650924e+01
-1.509565433601440532e+01
-1.498085840396232982e+01
-1.486606247191024011e+01
-1.475126653985816461e+01
-1.463647060780607490e+01
-1.452167467575398518e+01
-1.440687874370190968e+01
-1.429208281164981997e+01
-1.417728687959773026e+01
-1.406249094754565476e+01
-1.394769501549356505e+01
-1.383289908344147534e+01
-1.371810315138939984e+01
-1.360330721933729592e+01
-1.348851128728522042e+01
-1.337371535523314492e+01
-1.325891942318104100e+01
-1.314412349112896550e+01
-1.302932755907689000e+01
-1.291453162702478608e+01
-1.279973569497271058e+01
-1.268493976292063508e+01
-1.257014383086853115e+01
-1.245534789881645565e+01
-1.234055196676436594e+01
-1.222575603471227623e+01
-1.211096010266020073e+01
-1.199616417060811102e+01
-1.188136823855603552e+01
-1.176657230650394581e+01
-1.165177637445185610e+01
-1.153698044239978060e+01
-1.142218451034769089e+01
-1.130738857829560118e+01
-1.119259264624352568e+01
-1.107779671419142176e+01
-1.096300078213934626e+01
-1.084820485008727076e+01
-1.073340891803516683e+01
-1.061861298598309133e+01
-1.050381705393101583e+01
-1.038902112187891191e+01
-1.027422518982683641e+01
-1.015942925777476091e+01
-1.004463332572265699e+01
-9.929837393670581491e+00
-9.815041461618491780e+00
-9.700245529566402070e+00
-9.585449597514326570e+00
-9.470653665462236859e+00
-9.355857733410161359e+00
-9.241061801358071648e+00
-9.126265869305981937e+00
-9.011469937253906437e+00
-8.896674005201816726e+00
-8.781878073149727015e+00
-8.667082141097651515e+00
-8.552286209045547594e+00
-8.437490276993472094e+00
-8.322694344941396594e+00
-8.207898412889292672e+00
-8.093102480837217172e+00
-7.978306548785141672e+00
-7.863510616733037750e+00
-7.748714684680962250e+00
-7.633918752628886750e+00
-7.519122820576782829e+00
-7.404326888524707329e+00
-7.289530956472617618e+00
-7.174735024420527907e+00
-7.059939092368452407e+00
-6.945143160316362696e+00
-6.830347228264287196e+00
-6.715551296212197485e+00
-6.600755364160107774e+00
-6.485959432108032274e+00
-6.371163500055942563e+00
-6.256367568003852853e+00
-6.141571635951777353e+00
-6.026775703899673431e+00
-5.911979771847597931e+00
-5.797183839795522431e+00
-5.682387907743418509e+00
-5.567591975691343009e+00
-5.452796043639267509e+00
-5.338000111587163588e+00
-5.223204179535088088e+00
-5.108408247483012588e+00
-4.993612315430908666e+00
-4.878816383378833166e+00
-4.764020451326743455e+00
-4.649224519274653744e+00
-4.534428587222578244e+00
-4.419632655170488533e+00
-4.304836723118398822e+00
-4.190040791066323322e+00
-4.075244859014233612e+00
-3.960448926962158112e+00
-3.845652994910068401e+00
-3.730857062857978690e+00
-3.616061130805903190e+00
-3.501265198753799268e+00
-3.386469266701723768e+00
-3.271673334649648268e+00
-3.156877402597544346e+00
-3.042081470545468846e+00
-2.927285538493393346e+00
-2.812489606441289425e+00
-2.697693674389213925e+00
-2.582897742337138425e+00
-2.468101810285034503e+00
-2.353305878232959003e+00
-2.238509946180869292e+00
-2.123714014128779581e+00
-2.008918082076704081e+00
-1.894122150024614371e+00
-1.779326217972524660e+00
-1.664530285920449160e+00
-1.549734353868359449e+00
-1.434938421816283949e+00
-1.320142489764194238e+00
-1.205346557712104527e+00
-1.090550625660029027e+00
-9.757546936079251054e-01
-8.609587615558496054e-01
-7.461628295037741054e-01
-6.313668974516701837e-01
-5.165709653995946837e-01
-4.017750333475191837e-01
-2.869791012954152620e-01
-1.721831692433397620e-01
-5.738723719126426204e-02
