# Scattering vector $q_{IP}$ ($nm^{-1}$) values
-5.143343502235602216e+00
-5.111714583626707942e+00
-5.080085665017812779e+00
-5.048456746408918505e+00
-5.016827827800023343e+00
-4.985198909191129069e+00
-4.953569990582233906e+00
-4.921941071973339632e+00
-4.890312153364444470e+00
-4.858683234755550195e+00
-4.827054316146655033e+00
-4.795425397537760759e+00
-4.763796478928865596e+00
-4.732167560319971322e+00
-4.700538641711076160e+00
-4.668909723102181886e+00
-4.637280804493286723e+00
-4.605651885884392449e+00
-4.574022967275498175e+00
-4.542394048666603013e+00
-4.510765130057708738e+00
-4.479136211448813576e+00
-4.447507292839919302e+00
-4.415878374231024139e+00
-4.384249455622129865e+00
-4.352620537013234703e+00
-4.320991618404340429e+00
-4.289362699795445266e+00
-4.257733781186550992e+00
-4.226104862577655830e+00
-4.194475943968761555e+00
-4.162847025359866393e+00
-4.131218106750972119e+00
-4.099589188142077845e+00
-4.067960269533182682e+00
-4.036331350924287520e+00
-4.004702432315393246e+00
-3.973073513706498971e+00
-3.941444595097603809e+00
-3.909815676488709535e+00
-3.878186757879814373e+00
-3.846557839270920098e+00
-3.814928920662024936e+00
-3.783300002053130662e+00
-3.751671083444235943e+00
-3.720042164835341225e+00
-3.688413246226446507e+00
-3.656784327617551789e+00
-3.625155409008657070e+00
-3.593526490399762352e+00
-3.561897571790867634e+00
-3.530268653181972915e+00
-3.498639734573078197e+00
-3.467010815964183479e+00
-3.435381897355289205e+00
-3.403752978746394042e+00
-3.372124060137499768e+00
-3.340495141528604606e+00
-3.308866222919710331e+00
-3.277237304310815169e+00
-3.245608385701920895e+00
-3.213979467093026177e+00
-3.182350548484131458e+00
-3.150721629875236740e+00
-3.119092711266342022e+00
-3.087463792657447303e+00
-3.055834874048552585e+00
-3.024205955439657867e+00
-2.992577036830763149e+00
-2.960948118221868430e+00
-2.929319199612973712e+00
-2.897690281004078994e+00
-2.866061362395184275e+00
-2.834432443786290001e+00
-2.802803525177395283e+00
-2.771174606568500565e+00
-2.739545687959605846e+00
-2.707916769350711128e+00
-2.676287850741816410e+00
-2.644658932132921692e+00
-2.613030013524026973e+00
-2.581401094915132255e+00
-2.549772176306237537e+00
-2.518143257697342818e+00
-2.486514339088448100e+00
-2.454885420479553382e+00
-2.423256501870658663e+00
-2.391627583261763945e+00
-2.359998664652869671e+00
-2.328369746043974953e+00
-2.296740827435080234e+00
-2.265111908826185516e+00
-2.233482990217290798e+00
-2.201854071608396080e+00
-2.170225152999501361e+00
-2.138596234390606643e+00
-2.106967315781711925e+00
-2.075338397172817206e+00
-2.043709478563922488e+00
-2.012080559955027770e+00
-1.980451641346133052e+00
-1.948822722737238333e+00
-1.917193804128343615e+00
-1.885564885519448897e+00
-1.853935966910554178e+00
-1.822307048301659904e+00
-1.790678129692765186e+00
-1.759049211083870468e+00
-1.727420292474975749e+00
-1.695791373866081031e+00
-1.664162455257186313e+00
-1.632533536648291594e+00
-1.600904618039396876e+00
-1.569275699430502158e+00
-1.537646780821607440e+00
-1.506017862212712721e+00
-1.474388943603818003e+00
-1.442760024994923285e+00
-1.411131106386028566e+00
-1.379502187777133848e+00
-1.347873269168239574e+00
-1.316244350559344856e+00
-1.284615431950450137e+00
-1.252986513341555419e+00
-1.221357594732660701e+00
-1.189728676123765982e+00
-1.158099757514871264e+00
-1.126470838905976102e+00
-1.094841920297081828e+00
-1.063213001688187553e+00
-1.031584083079292391e+00
-9.999551644703981168e-01
-9.683262458615029544e-01
-9.366973272526086802e-01
-9.050684086437135178e-01
-8.734394900348192436e-01
-8.418105714259240813e-01
-8.101816528170298071e-01
-7.785527342081346447e-01
-7.469238155992403705e-01
-7.152948969903452081e-01
-6.836659783814509339e-01
-6.520370597725557715e-01
-6.204081411636614973e-01
-5.887792225547663350e-01
-5.571503039458720608e-01
-5.255213853369777866e-01
-4.938924667280826242e-01
-4.622635481191883500e-01
-4.306346295102931876e-01
-3.990057109013989134e-01
-3.673767922925037510e-01
-3.357478736836094768e-01
-3.041189550747143144e-01
-2.724900364658200402e-01
-2.408611178569248779e-01
-2.092321992480306037e-01
-1.776032806391354413e-01
-1.459743620302411671e-01
-1.143454434213460047e-01
-8.271652481245173050e-02
-5.108760620355745630e-02
-1.945868759466229392e-02
1.217023101423198028e-02
4.379914962312714266e-02
7.542806823202141686e-02
1.070569868409165792e-01
1.386859054498108534e-01
1.703148240587060158e-01
2.019437426676002900e-01
2.335726612764954524e-01
2.652015798853897266e-01
2.968304984942848890e-01
3.284594171031791632e-01
3.600883357120743256e-01
3.917172543209685998e-01
4.233461729298628740e-01
4.549750915387580363e-01
4.866040101476523105e-01
5.182329287565474729e-01
5.498618473654417471e-01
5.814907659743369095e-01
6.131196845832311837e-01
6.447486031921263461e-01
6.763775218010206203e-01
7.080064404099157827e-01
7.396353590188100569e-01
7.712642776277052192e-01
8.028931962365994934e-01
8.345221148454946558e-01
8.661510334543889300e-01
8.977799520632840924e-01
9.294088706721783666e-01
9.610377892810726408e-01
9.926667078899678032e-01
1.024295626498862077e+00
1.055924545107757240e+00
1.087553463716651514e+00
1.119182382325546676e+00
1.150811300934440951e+00
1.182440219543336113e+00
1.214069138152230387e+00
1.245698056761125549e+00
1.277326975370019824e+00
1.308955893978914986e+00
1.340584812587809260e+00
1.372213731196704423e+00
1.403842649805598697e+00
1.435471568414493859e+00
1.467100487023388133e+00
1.498729405632282408e+00
1.530358324241177570e+00
1.561987242850071844e+00
1.593616161458967007e+00
1.625245080067861281e+00
1.656873998676756443e+00
1.688502917285650717e+00
1.720131835894545880e+00
1.751760754503440154e+00
1.783389673112335316e+00
1.815018591721229591e+00
1.846647510330124753e+00
1.878276428939019027e+00
1.909905347547914189e+00
1.941534266156808464e+00
1.973163184765702738e+00
2.004792103374597900e+00
2.036421021983492174e+00
2.068049940592387337e+00
2.099678859201281611e+00
2.131307777810176773e+00
2.162936696419071048e+00
2.194565615027966210e+00
2.226194533636860484e+00
2.257823452245755647e+00
2.289452370854649921e+00
2.321081289463545083e+00
2.352710208072439357e+00
2.384339126681334520e+00
2.415968045290228794e+00
2.447596963899123068e+00
2.479225882508018231e+00
2.510854801116912505e+00
2.542483719725807667e+00
2.574112638334701941e+00
2.605741556943597104e+00
2.637370475552491378e+00
2.668999394161386540e+00
2.700628312770280814e+00
2.732257231379175977e+00
2.763886149988070251e+00
2.795515068596965413e+00
2.827143987205859688e+00
2.858772905814754850e+00
2.890401824423650012e+00
2.922030743032543398e+00
2.953659661641438561e+00
2.985288580250333723e+00
3.016917498859227109e+00
3.048546417468122272e+00
3.080175336077017434e+00
3.111804254685912596e+00
3.143433173294805982e+00
3.175062091903701145e+00
3.206691010512596307e+00
3.238319929121491469e+00
3.269948847730384855e+00
3.301577766339280018e+00
3.333206684948175180e+00
3.364835603557070343e+00
3.396464522165963729e+00
3.428093440774858891e+00
3.459722359383754053e+00
3.491351277992647439e+00
3.522980196601542602e+00
3.554609115210437764e+00
3.586238033819332927e+00
3.617866952428226313e+00
3.649495871037121475e+00
3.681124789646016637e+00
3.712753708254911800e+00
3.744382626863805186e+00
3.776011545472700348e+00
3.807640464081595510e+00
3.839269382690490673e+00
3.870898301299384059e+00
3.902527219908279221e+00
3.934156138517174384e+00
3.965785057126069546e+00
3.997413975734962932e+00
4.029042894343858094e+00
4.060671812952753257e+00
4.092300731561646643e+00
4.123929650170541805e+00
4.155558568779436968e+00
4.187187487388332130e+00
4.218816405997225516e+00
4.250445324606120678e+00
4.282074243215015841e+00
4.313703161823911003e+00
4.345332080432804389e+00
4.376960999041699552e+00
4.408589917650594714e+00
4.440218836259489876e+00
4.471847754868383262e+00
4.503476673477278425e+00
4.535105592086173587e+00
4.566734510695066973e+00
4.598363429303962135e+00
4.629992347912857298e+00
4.661621266521752460e+00
4.693250185130645846e+00
4.724879103739541009e+00
4.756508022348436171e+00
4.788136940957331333e+00
4.819765859566224719e+00
4.851394778175119882e+00
4.883023696784015044e+00
4.914652615392910207e+00
4.946281534001803593e+00
4.977910452610698755e+00
5.009539371219593917e+00
5.041168289828487303e+00
5.072797208437382466e+00
5.104426127046277628e+00
5.136055045655172790e+00
5.167683964264066176e+00
5.199312882872961339e+00
5.230941801481856501e+00
5.262570720090751664e+00
5.294199638699645050e+00
5.325828557308540212e+00
5.357457475917435374e+00
5.389086394526330537e+00
5.420715313135223923e+00
5.452344231744119085e+00
5.483973150353014248e+00
5.515602068961907634e+00
5.547230987570802796e+00
5.578859906179697958e+00
5.610488824788593121e+00
5.642117743397486507e+00
5.673746662006381669e+00
5.705375580615276832e+00
5.737004499224171994e+00
5.768633417833065380e+00
5.800262336441960542e+00
5.831891255050855705e+00
5.863520173659750867e+00
5.895149092268644253e+00
5.926778010877539415e+00
5.958406929486434578e+00
5.990035848095327964e+00
6.021664766704223126e+00
6.053293685313118289e+00
6.084922603922013451e+00
6.116551522530906837e+00
6.148180441139801999e+00
6.179809359748697162e+00
6.211438278357592324e+00
6.243067196966485710e+00
6.274696115575380873e+00
6.306325034184276035e+00
6.337953952793171197e+00
6.369582871402064583e+00
6.401211790010959746e+00
6.432840708619854908e+00
6.464469627228750070e+00
6.496098545837643456e+00
6.527727464446538619e+00
6.559356383055433781e+00
6.590985301664327167e+00
6.622614220273222330e+00
6.654243138882117492e+00
6.685872057491012654e+00
6.717500976099906040e+00
6.749129894708801203e+00
6.780758813317696365e+00
6.812387731926591528e+00
6.844016650535484914e+00
6.875645569144380076e+00
6.907274487753275238e+00
6.938903406362170401e+00
6.970532324971063787e+00
7.002161243579958949e+00
7.033790162188854111e+00
7.065419080797747498e+00
7.097047999406642660e+00
7.128676918015537822e+00
7.160305836624432985e+00
7.191934755233326371e+00
7.223563673842221533e+00
7.255192592451116695e+00
7.286821511060011858e+00
7.318450429668905244e+00
7.350079348277800406e+00
7.381708266886695569e+00
7.413337185495590731e+00
7.444966104104484117e+00
7.476595022713379279e+00
7.508223941322274442e+00
7.539852859931167828e+00
7.571481778540062990e+00
7.603110697148958153e+00
7.634739615757853315e+00
7.666368534366746701e+00
7.697997452975641863e+00
7.729626371584537026e+00
7.761255290193432188e+00
7.792884208802325574e+00
7.824513127411220736e+00
7.856142046020115899e+00
7.887770964629011061e+00
7.919399883237904447e+00
7.951028801846799610e+00
7.982657720455694772e+00
8.014286639064589934e+00
8.045915557673483320e+00
8.077544476282378483e+00
8.109173394891273645e+00
8.140802313500167031e+00
8.172431232109062194e+00
8.204060150717957356e+00
8.235689069326852518e+00
8.267317987935745904e+00
8.298946906544641067e+00
8.330575825153536229e+00
8.362204743762431391e+00
8.393833662371324777e+00
8.425462580980219940e+00
8.457091499589115102e+00
8.488720418198010265e+00
8.520349336806903651e+00
8.551978255415798813e+00
8.583607174024693975e+00
8.615236092633587361e+00
8.646865011242482524e+00
8.678493929851377686e+00
8.710122848460272849e+00
8.741751767069166235e+00
8.773380685678061397e+00
8.805009604286956559e+00
8.836638522895851722e+00
8.868267441504745108e+00
8.899896360113640270e+00
8.931525278722535433e+00
8.963154197331430595e+00
8.994783115940323981e+00
9.026412034549219143e+00
9.058040953158114306e+00
9.089669871767007692e+00
9.121298790375902854e+00
9.152927708984798016e+00
9.184556627593693179e+00
9.216185546202586565e+00
9.247814464811481727e+00
9.279443383420376890e+00
9.311072302029272052e+00
9.342701220638165438e+00
9.374330139247060600e+00
9.405959057855955763e+00
9.437587976464850925e+00
9.469216895073744311e+00
9.500845813682639474e+00
9.532474732291534636e+00
9.564103650900428022e+00
9.595732569509323184e+00
9.627361488118218347e+00
9.658990406727113509e+00
9.690619325336006895e+00
9.722248243944902057e+00
9.753877162553797220e+00
9.785506081162692382e+00
9.817134999771585768e+00
9.848763918380480931e+00
9.880392836989376093e+00
9.912021755598271255e+00
9.943650674207164641e+00
9.975279592816059804e+00
1.000690851142495497e+01
1.003853743003384835e+01
1.007016634864274351e+01
1.010179526725163868e+01
1.013342418586053384e+01
1.016505310446942723e+01
1.019668202307832239e+01
1.022831094168721755e+01
1.025993986029611271e+01
1.029156877890500610e+01
1.032319769751390126e+01
1.035482661612279642e+01
1.038645553473169159e+01
1.041808445334058497e+01
1.044971337194948013e+01
1.048134229055837530e+01
1.051297120916727046e+01
1.054460012777616384e+01
1.057622904638505901e+01
1.060785796499395417e+01
1.063948688360284756e+01
1.067111580221174272e+01
1.070274472082063788e+01
1.073437363942953304e+01
1.076600255803842643e+01
1.079763147664732159e+01
1.082926039525621675e+01
1.086088931386511192e+01
1.089251823247400708e+01
1.092414715108290224e+01
1.095577606969179385e+01
1.098740498830068901e+01
1.101903390690958418e+01
1.105066282551847934e+01
1.108229174412737450e+01
1.111392066273626966e+01
1.114554958134516482e+01
1.117717849995405643e+01
1.120880741856295160e+01
1.124043633717184676e+01
1.127206525578074192e+01
1.130369417438963708e+01
1.133532309299853225e+01
1.136695201160742741e+01
1.139858093021632257e+01
1.143020984882521418e+01
1.146183876743410934e+01
1.149346768604300451e+01
1.152509660465189967e+01
1.155672552326079483e+01
1.158835444186968999e+01
1.161998336047858515e+01
1.165161227908747676e+01
1.168324119769637193e+01
1.171487011630526709e+01
1.174649903491416225e+01
1.177812795352305741e+01
1.180975687213195258e+01
1.184138579074084774e+01
1.187301470934974290e+01
1.190464362795863451e+01
1.193627254656752967e+01
1.196790146517642484e+01
1.199953038378532000e+01
1.203115930239421516e+01
1.206278822100311032e+01
1.209441713961200549e+01
1.212604605822089709e+01
1.215767497682979226e+01
1.218930389543868742e+01
1.222093281404758258e+01
1.225256173265647774e+01
1.228419065126537291e+01
1.231581956987426807e+01
1.234744848848316323e+01
1.237907740709205484e+01
1.241070632570095000e+01
1.244233524430984517e+01
1.247396416291874033e+01
1.250559308152763549e+01
1.253722200013653065e+01
1.256885091874542582e+01
1.260047983735431743e+01
1.263210875596321259e+01
1.266373767457210775e+01
1.269536659318100291e+01
1.272699551178989807e+01
1.275862443039879324e+01
1.279025334900768840e+01
1.282188226761658356e+01
1.285351118622547517e+01
1.288514010483437033e+01
1.291676902344326550e+01
1.294839794205216066e+01
1.298002686066105582e+01
1.301165577926995098e+01
1.304328469787884615e+01
1.307491361648774131e+01
1.310654253509663292e+01
1.313817145370552808e+01
1.316980037231442324e+01
1.320142929092331840e+01
1.323305820953221357e+01
1.326468712814110873e+01
1.329631604675000389e+01
1.332794496535889550e+01
1.335957388396779066e+01
1.339120280257668583e+01
1.342283172118558099e+01
1.345446063979447615e+01
1.348608955840337131e+01
1.351771847701226648e+01
1.354934739562116164e+01
1.358097631423005325e+01
1.361260523283894841e+01
1.364423415144784357e+01
1.367586307005673874e+01
1.370749198866563390e+01
1.373912090727452906e+01
1.377074982588342422e+01
1.380237874449231583e+01
1.383400766310121099e+01
1.386563658171010616e+01
1.389726550031900132e+01
1.392889441892789648e+01
1.396052333753679164e+01
1.399215225614568681e+01
1.402378117475458197e+01
1.405541009336347358e+01
1.408703901197236874e+01
1.411866793058126390e+01
1.415029684919015907e+01
1.418192576779905423e+01
1.421355468640794939e+01
1.424518360501684455e+01
1.427681252362573616e+01
1.430844144223463132e+01
1.434007036084352649e+01
1.437169927945242165e+01
1.440332819806131681e+01
1.443495711667021197e+01
1.446658603527910714e+01
1.449821495388800230e+01
1.452984387249689391e+01
1.456147279110578907e+01
1.459310170971468423e+01
1.462473062832357940e+01
1.465635954693247456e+01
1.468798846554136972e+01
1.471961738415026488e+01
1.475124630275915649e+01
1.478287522136805165e+01
1.481450413997694682e+01
1.484613305858584198e+01
1.487776197719473714e+01
1.490939089580363230e+01
1.494101981441252747e+01
1.497264873302142263e+01
1.500427765163031424e+01
1.503590657023920940e+01
1.506753548884810456e+01
1.509916440745699973e+01
1.513079332606589489e+01
1.516242224467479005e+01
1.519405116328368521e+01
1.522568008189257682e+01
1.525730900050147198e+01
1.528893791911036715e+01
1.532056683771926231e+01
1.535219575632815747e+01
1.538382467493705263e+01
1.541545359354594780e+01
1.544708251215484296e+01
1.547871143076373457e+01
1.551034034937262973e+01
1.554196926798152489e+01
1.557359818659042006e+01
1.560522710519931522e+01
1.563685602380821038e+01
1.566848494241710554e+01
1.570011386102599715e+01
1.573174277963489232e+01
1.576337169824378748e+01
1.579500061685268264e+01
1.582662953546157780e+01
1.585825845407047296e+01
1.588988737267936813e+01
1.592151629128826329e+01
1.595314520989715490e+01
1.598477412850605006e+01
1.601640304711494522e+01
1.604803196572384039e+01
1.607966088433273555e+01
1.611128980294163071e+01
1.614291872155052587e+01
1.617454764015941748e+01
1.620617655876831265e+01
1.623780547737720781e+01
1.626943439598610297e+01
1.630106331459499813e+01
1.633269223320389330e+01
1.636432115181278846e+01
1.639595007042168362e+01
1.642757898903057523e+01
1.645920790763947039e+01
1.649083682624836555e+01
1.652246574485726072e+01
1.655409466346615588e+01
1.658572358207505104e+01
1.661735250068394620e+01
1.664898141929283781e+01
1.668061033790173298e+01
1.671223925651062814e+01
1.674386817511952330e+01
1.677549709372841846e+01
1.680712601233731363e+01
1.683875493094620879e+01
1.687038384955510395e+01
1.690201276816399556e+01
1.693364168677289072e+01
1.696527060538178588e+01
1.699689952399068105e+01
1.702852844259957621e+01
1.706015736120847137e+01
1.709178627981736653e+01
1.712341519842625814e+01
1.715504411703515331e+01
1.718667303564404847e+01
1.721830195425294363e+01
1.724993087286183879e+01
1.728155979147073396e+01
1.731318871007962912e+01
1.734481762868852428e+01
1.737644654729741589e+01
1.740807546590631105e+01
1.743970438451520621e+01
1.747133330312410138e+01
1.750296222173299654e+01
1.753459114034189170e+01
1.756622005895078686e+01
1.759784897755968203e+01
1.762947789616857364e+01
1.766110681477746880e+01
1.769273573338636396e+01
1.772436465199525912e+01
1.775599357060415429e+01
1.778762248921304945e+01
1.781925140782194461e+01
1.785088032643083622e+01
1.788250924503973138e+01
1.791413816364862654e+01
1.794576708225752171e+01
1.797739600086641687e+01
1.800902491947531203e+01
1.804065383808420719e+01
1.807228275669310236e+01
1.810391167530199397e+01
1.813554059391088913e+01
1.816716951251978429e+01
1.819879843112867945e+01
1.823042734973757462e+01
1.826205626834646978e+01
1.829368518695536494e+01
1.832531410556425655e+01
1.835694302417315171e+01
1.838857194278204688e+01
1.842020086139094204e+01
1.845182977999983720e+01
1.848345869860873236e+01
1.851508761721762752e+01
1.854671653582652269e+01
1.857834545443541430e+01
1.860997437304430946e+01
1.864160329165320462e+01
1.867323221026209978e+01
1.870486112887099495e+01
1.873649004747989011e+01
1.876811896608878527e+01
1.879974788469767688e+01
1.883137680330657204e+01
1.886300572191546721e+01
1.889463464052436237e+01
1.892626355913325753e+01
1.895789247774215269e+01
1.898952139635104785e+01
1.902115031495994302e+01
1.905277923356883463e+01
1.908440815217772979e+01
1.911603707078662495e+01
1.914766598939552011e+01
1.917929490800441528e+01
1.921092382661331044e+01
1.924255274522220560e+01
1.927418166383109721e+01
1.930581058243999237e+01
1.933743950104888754e+01
1.936906841965778270e+01
1.940069733826667786e+01
1.943232625687557302e+01
1.946395517548446819e+01
1.949558409409336335e+01
1.952721301270225496e+01
1.955884193131115012e+01
1.959047084992004528e+01
1.962209976852894044e+01
1.965372868713783561e+01
1.968535760574673077e+01
1.971698652435562593e+01
1.974861544296451754e+01
1.978024436157341270e+01
1.981187328018230787e+01
1.984350219879120303e+01
1.987513111740009819e+01
1.990676003600899335e+01
1.993838895461788852e+01
1.997001787322678368e+01
2.000164679183567529e+01
2.003327571044457045e+01
2.006490462905346561e+01
2.009653354766236077e+01
2.012816246627125594e+01
2.015979138488015110e+01
2.019142030348904626e+01
2.022304922209793787e+01
2.025467814070683303e+01
2.028630705931572820e+01
2.031793597792462336e+01
2.034956489653351852e+01
2.038119381514241368e+01
2.041282273375130885e+01
2.044445165236020401e+01
2.047608057096909562e+01
2.050770948957799078e+01
2.053933840818688594e+01
2.057096732679578110e+01
2.060259624540467627e+01
2.063422516401357143e+01
2.066585408262246659e+01
2.069748300123135820e+01
2.072911191984025336e+01
2.076074083844914853e+01
2.079236975705804369e+01
2.082399867566693885e+01
2.085562759427583401e+01
2.088725651288472918e+01
2.091888543149362434e+01
2.095051435010251595e+01
2.098214326871141111e+01
2.101377218732030627e+01
2.104540110592920144e+01
2.107703002453809660e+01
2.110865894314699176e+01
2.114028786175588692e+01
2.117191678036478208e+01
2.120354569897367725e+01
