# Scattering vector $q_{IP}$ ($nm^{-1}$) values
-5.360687580777273809e+00
-5.328802556482554742e+00
-5.296917532187834787e+00
-5.265032507893115721e+00
-5.233147483598395766e+00
-5.201262459303676700e+00
-5.169377435008956745e+00
-5.137492410714237678e+00
-5.105607386419517724e+00
-5.073722362124798657e+00
-5.041837337830078702e+00
-5.009952313535359636e+00
-4.978067289240639681e+00
-4.946182264945920615e+00
-4.914297240651200660e+00
-4.882412216356481593e+00
-4.850527192061761639e+00
-4.818642167767042572e+00
-4.786757143472322618e+00
-4.754872119177603551e+00
-4.722987094882883596e+00
-4.691102070588164530e+00
-4.659217046293444575e+00
-4.627332021998725509e+00
-4.595446997704005554e+00
-4.563561973409286487e+00
-4.531676949114566533e+00
-4.499791924819847466e+00
-4.467906900525127512e+00
-4.436021876230408445e+00
-4.404136851935689378e+00
-4.372251827640969424e+00
-4.340366803346249469e+00
-4.308481779051530403e+00
-4.276596754756811336e+00
-4.244711730462091381e+00
-4.212826706167371427e+00
-4.180941681872652360e+00
-4.149056657577933294e+00
-4.117171633283213339e+00
-4.085286608988493384e+00
-4.053401584693774318e+00
-4.021516560399055251e+00
-3.989631536104335296e+00
-3.957746511809616230e+00
-3.925861487514896275e+00
-3.893976463220177209e+00
-3.862091438925457254e+00
-3.830206414630738188e+00
-3.798321390336018233e+00
-3.766436366041299166e+00
-3.734551341746579212e+00
-3.702666317451860145e+00
-3.670781293157140190e+00
-3.638896268862421124e+00
-3.607011244567701169e+00
-3.575126220272982103e+00
-3.543241195978262592e+00
-3.511356171683543081e+00
-3.479471147388823571e+00
-3.447586123094104060e+00
-3.415701098799384550e+00
-3.383816074504665039e+00
-3.351931050209945528e+00
-3.320046025915226018e+00
-3.288161001620506507e+00
-3.256275977325786997e+00
-3.224390953031067486e+00
-3.192505928736347975e+00
-3.160620904441628465e+00
-3.128735880146908954e+00
-3.096850855852189444e+00
-3.064965831557469933e+00
-3.033080807262750422e+00
-3.001195782968030912e+00
-2.969310758673311401e+00
-2.937425734378591891e+00
-2.905540710083872380e+00
-2.873655685789152869e+00
-2.841770661494433359e+00
-2.809885637199713848e+00
-2.778000612904994782e+00
-2.746115588610275271e+00
-2.714230564315555760e+00
-2.682345540020836250e+00
-2.650460515726116739e+00
-2.618575491431397229e+00
-2.586690467136677718e+00
-2.554805442841958207e+00
-2.522920418547238697e+00
-2.491035394252519186e+00
-2.459150369957799676e+00
-2.427265345663080165e+00
-2.395380321368360654e+00
-2.363495297073641144e+00
-2.331610272778921633e+00
-2.299725248484202123e+00
-2.267840224189482612e+00
-2.235955199894763101e+00
-2.204070175600043591e+00
-2.172185151305324080e+00
-2.140300127010604569e+00
-2.108415102715885059e+00
-2.076530078421165548e+00
-2.044645054126446038e+00
-2.012760029831726527e+00
-1.980875005537007016e+00
-1.948989981242287506e+00
-1.917104956947567995e+00
-1.885219932652848485e+00
-1.853334908358128974e+00
-1.821449884063409463e+00
-1.789564859768690397e+00
-1.757679835473970886e+00
-1.725794811179251376e+00
-1.693909786884531865e+00
-1.662024762589812354e+00
-1.630139738295092844e+00
-1.598254714000373333e+00
-1.566369689705653823e+00
-1.534484665410934312e+00
-1.502599641116214801e+00
-1.470714616821495291e+00
-1.438829592526775780e+00
-1.406944568232056270e+00
-1.375059543937336759e+00
-1.343174519642617248e+00
-1.311289495347897294e+00
-1.279404471053178227e+00
-1.247519446758459161e+00
-1.215634422463739206e+00
-1.183749398169020139e+00
-1.151864373874300185e+00
-1.119979349579581118e+00
-1.088094325284861164e+00
-1.056209300990142097e+00
-1.024324276695422142e+00
-9.924392524007030758e-01
-9.605542281059831211e-01
-9.286692038112640546e-01
-8.967841795165440999e-01
-8.648991552218250334e-01
-8.330141309271050787e-01
-8.011291066323860122e-01
-7.692440823376660575e-01
-7.373590580429469910e-01
-7.054740337482270363e-01
-6.735890094535079697e-01
-6.417039851587880150e-01
-6.098189608640689485e-01
-5.779339365693489938e-01
-5.460489122746299273e-01
-5.141638879799099726e-01
-4.822788636851909061e-01
-4.503938393904709514e-01
-4.185088150957518849e-01
-3.866237908010319302e-01
-3.547387665063128637e-01
-3.228537422115929090e-01
-2.909687179168738425e-01
-2.590836936221538878e-01
-2.271986693274348212e-01
-1.953136450327157547e-01
-1.634286207379958000e-01
-1.315435964432767335e-01
-9.965857214855677881e-02
-6.777354785383771230e-02
-3.588852355911775760e-02
-4.003499264398691082e-03
2.788152503032126361e-02
5.976654932504033013e-02
9.165157361976028483e-02
1.235365979144793513e-01
1.554216222091993060e-01
1.873066465039183726e-01
2.191916707986383273e-01
2.510766950933573938e-01
2.829617193880773485e-01
3.148467436827964150e-01
3.467317679775163697e-01
3.786167922722354362e-01
4.105018165669553909e-01
4.423868408616744574e-01
4.742718651563944121e-01
5.061568894511134786e-01
5.380419137458334333e-01
5.699269380405524998e-01
6.018119623352724545e-01
6.336969866299915211e-01
6.655820109247114758e-01
6.974670352194305423e-01
7.293520595141504970e-01
7.612370838088695635e-01
7.931221081035886300e-01
8.250071323983085847e-01
8.568921566930276512e-01
8.887771809877476059e-01
9.206622052824666724e-01
9.525472295771866271e-01
9.844322538719056936e-01
1.016317278166625648e+00
1.048202302461344715e+00
1.080087326756064670e+00
1.111972351050783736e+00
1.143857375345503691e+00
1.175742399640222757e+00
1.207627423934942712e+00
1.239512448229661778e+00
1.271397472524381733e+00
1.303282496819100800e+00
1.335167521113820754e+00
1.367052545408539821e+00
1.398937569703259776e+00
1.430822593997978842e+00
1.462707618292698797e+00
1.494592642587417863e+00
1.526477666882137818e+00
1.558362691176856885e+00
1.590247715471576839e+00
1.622132739766295906e+00
1.654017764061015860e+00
1.685902788355734927e+00
1.717787812650454882e+00
1.749672836945173948e+00
1.781557861239893015e+00
1.813442885534612969e+00
1.845327909829332036e+00
1.877212934124051991e+00
1.909097958418771057e+00
1.940982982713491012e+00
1.972868007008210078e+00
2.004753031302930033e+00
2.036638055597649100e+00
2.068523079892369054e+00
2.100408104187088121e+00
2.132293128481808075e+00
2.164178152776527142e+00
2.196063177071247097e+00
2.227948201365966163e+00
2.259833225660686118e+00
2.291718249955405184e+00
2.323603274250125139e+00
2.355488298544844206e+00
2.387373322839564160e+00
2.419258347134283227e+00
2.451143371429003182e+00
2.483028395723722248e+00
2.514913420018442203e+00
2.546798444313161269e+00
2.578683468607881224e+00
2.610568492902600291e+00
2.642453517197319357e+00
2.674338541492039312e+00
2.706223565786759266e+00
2.738108590081479221e+00
2.769993614376197399e+00
2.801878638670917354e+00
2.833763662965637309e+00
2.865648687260355487e+00
2.897533711555075442e+00
2.929418735849795397e+00
2.961303760144515351e+00
2.993188784439233530e+00
3.025073808733953484e+00
3.056958833028673439e+00
3.088843857323393394e+00
3.120728881618111572e+00
3.152613905912831527e+00
3.184498930207551481e+00
3.216383954502271436e+00
3.248268978796989614e+00
3.280154003091709569e+00
3.312039027386429524e+00
3.343924051681149479e+00
3.375809075975867657e+00
3.407694100270587612e+00
3.439579124565307566e+00
3.471464148860027521e+00
3.503349173154745699e+00
3.535234197449465654e+00
3.567119221744185609e+00
3.599004246038905563e+00
3.630889270333623742e+00
3.662774294628343696e+00
3.694659318923063651e+00
3.726544343217783606e+00
3.758429367512501784e+00
3.790314391807221739e+00
3.822199416101941694e+00
3.854084440396659872e+00
3.885969464691379827e+00
3.917854488986099781e+00
3.949739513280819736e+00
3.981624537575537914e+00
4.013509561870257869e+00
4.045394586164977824e+00
4.077279610459697778e+00
4.109164634754415957e+00
4.141049659049135911e+00
4.172934683343855866e+00
4.204819707638575821e+00
4.236704731933293999e+00
4.268589756228013954e+00
4.300474780522733909e+00
4.332359804817453863e+00
4.364244829112172042e+00
4.396129853406891996e+00
4.428014877701611951e+00
4.459899901996331906e+00
4.491784926291050084e+00
4.523669950585770039e+00
4.555554974880489993e+00
4.587439999175209948e+00
4.619325023469928126e+00
4.651210047764648081e+00
4.683095072059368036e+00
4.714980096354087991e+00
4.746865120648806169e+00
4.778750144943526124e+00
4.810635169238246078e+00
4.842520193532966033e+00
4.874405217827684211e+00
4.906290242122404166e+00
4.938175266417124121e+00
4.970060290711842299e+00
5.001945315006562254e+00
5.033830339301282208e+00
5.065715363596002163e+00
5.097600387890720341e+00
5.129485412185440296e+00
5.161370436480160251e+00
5.193255460774880206e+00
5.225140485069598384e+00
5.257025509364318339e+00
5.288910533659038293e+00
5.320795557953758248e+00
5.352680582248476426e+00
5.384565606543196381e+00
5.416450630837916336e+00
5.448335655132636290e+00
5.480220679427354469e+00
5.512105703722074423e+00
5.543990728016794378e+00
5.575875752311514333e+00
5.607760776606232511e+00
5.639645800900952466e+00
5.671530825195672421e+00
5.703415849490392375e+00
5.735300873785110554e+00
5.767185898079830508e+00
5.799070922374550463e+00
5.830955946669270418e+00
5.862840970963988596e+00
5.894725995258708551e+00
5.926611019553428505e+00
5.958496043848146684e+00
5.990381068142866638e+00
6.022266092437586593e+00
6.054151116732306548e+00
6.086036141027024726e+00
6.117921165321744681e+00
6.149806189616464636e+00
6.181691213911184590e+00
6.213576238205902769e+00
6.245461262500622723e+00
6.277346286795342678e+00
6.309231311090062633e+00
6.341116335384780811e+00
6.373001359679500766e+00
6.404886383974220720e+00
6.436771408268940675e+00
6.468656432563658853e+00
6.500541456858378808e+00
6.532426481153098763e+00
6.564311505447818718e+00
6.596196529742536896e+00
6.628081554037256851e+00
6.659966578331976805e+00
6.691851602626696760e+00
6.723736626921414938e+00
6.755621651216134893e+00
6.787506675510854848e+00
6.819391699805574802e+00
6.851276724100292981e+00
6.883161748395012935e+00
6.915046772689732890e+00
6.946931796984451069e+00
6.978816821279171023e+00
7.010701845573890978e+00
7.042586869868610933e+00
7.074471894163329111e+00
7.106356918458049066e+00
7.138241942752769020e+00
7.170126967047488975e+00
7.202011991342207153e+00
7.233897015636927108e+00
7.265782039931647063e+00
7.297667064226367017e+00
7.329552088521085196e+00
7.361437112815805150e+00
7.393322137110525105e+00
7.425207161405245060e+00
7.457092185699963238e+00
7.488977209994683193e+00
7.520862234289403148e+00
7.552747258584123102e+00
7.584632282878841281e+00
7.616517307173561235e+00
7.648402331468281190e+00
7.680287355763001145e+00
7.712172380057719323e+00
7.744057404352439278e+00
7.775942428647159232e+00
7.807827452941879187e+00
7.839712477236597366e+00
7.871597501531317320e+00
7.903482525826037275e+00
7.935367550120755453e+00
7.967252574415475408e+00
7.999137598710195363e+00
8.031022623004915317e+00
8.062907647299633496e+00
8.094792671594353450e+00
8.126677695889073405e+00
8.158562720183793360e+00
8.190447744478511538e+00
8.222332768773231493e+00
8.254217793067951447e+00
8.286102817362671402e+00
8.317987841657389581e+00
8.349872865952109535e+00
8.381757890246829490e+00
8.413642914541549445e+00
8.445527938836267623e+00
8.477412963130987578e+00
8.509297987425707532e+00
8.541183011720427487e+00
8.573068036015145665e+00
8.604953060309865620e+00
8.636838084604585575e+00
8.668723108899305529e+00
8.700608133194023708e+00
8.732493157488743662e+00
8.764378181783463617e+00
8.796263206078183572e+00
8.828148230372901750e+00
8.860033254667621705e+00
8.891918278962341660e+00
8.923803303257059838e+00
8.955688327551779793e+00
8.987573351846499747e+00
9.019458376141219702e+00
9.051343400435937880e+00
9.083228424730657835e+00
9.115113449025377790e+00
9.146998473320097744e+00
9.178883497614815923e+00
9.210768521909535878e+00
9.242653546204255832e+00
9.274538570498975787e+00
9.306423594793693965e+00
9.338308619088413920e+00
9.370193643383133875e+00
9.402078667677853829e+00
9.433963691972572008e+00
9.465848716267291962e+00
9.497733740562011917e+00
9.529618764856731872e+00
9.561503789151450050e+00
9.593388813446170005e+00
9.625273837740889959e+00
9.657158862035609914e+00
9.689043886330328093e+00
9.720928910625048047e+00
9.752813934919768002e+00
9.784698959214487957e+00
9.816583983509206135e+00
9.848469007803926090e+00
9.880354032098646044e+00
9.912239056393365999e+00
9.944124080688084177e+00
9.976009104982804132e+00
1.000789412927752409e+01
1.003977915357224227e+01
1.007166417786696222e+01
1.010354920216168217e+01
1.013543422645640213e+01
1.016731925075112031e+01
1.019920427504584026e+01
1.023108929934056022e+01
1.026297432363528017e+01
1.029485934792999835e+01
1.032674437222471830e+01
1.035862939651943826e+01
1.039051442081415821e+01
1.042239944510887639e+01
1.045428446940359635e+01
1.048616949369831630e+01
1.051805451799303626e+01
1.054993954228775443e+01
1.058182456658247439e+01
1.061370959087719434e+01
1.064559461517191252e+01
1.067747963946663248e+01
1.070936466376135243e+01
1.074124968805607239e+01
1.077313471235079234e+01
1.080501973664551230e+01
1.083690476094023225e+01
1.086878978523494865e+01
1.090067480952966861e+01
1.093255983382438856e+01
1.096444485811910852e+01
1.099632988241382847e+01
1.102821490670854843e+01
1.106009993100326838e+01
1.109198495529798478e+01
1.112386997959270474e+01
1.115575500388742469e+01
1.118764002818214465e+01
1.121952505247686460e+01
1.125141007677158456e+01
1.128329510106630451e+01
1.131518012536102447e+01
1.134706514965574087e+01
1.137895017395046082e+01
1.141083519824518078e+01
1.144272022253990073e+01
1.147460524683462069e+01
1.150649027112934064e+01
1.153837529542406060e+01
1.157026031971878055e+01
1.160214534401349695e+01
1.163403036830821691e+01
1.166591539260293686e+01
1.169780041689765682e+01
1.172968544119237677e+01
1.176157046548709673e+01
1.179345548978181668e+01
1.182534051407653664e+01
1.185722553837125304e+01
1.188911056266597299e+01
1.192099558696069295e+01
1.195288061125541290e+01
1.198476563555013286e+01
1.201665065984485281e+01
1.204853568413957277e+01
1.208042070843428917e+01
1.211230573272900912e+01
1.214419075702372908e+01
1.217607578131844903e+01
1.220796080561316899e+01
1.223984582990788894e+01
1.227173085420260890e+01
1.230361587849732885e+01
1.233550090279204525e+01
1.236738592708676521e+01
1.239927095138148516e+01
1.243115597567620512e+01
1.246304099997092507e+01
1.249492602426564503e+01
1.252681104856036498e+01
1.255869607285508494e+01
1.259058109714980134e+01
1.262246612144452129e+01
1.265435114573924125e+01
1.268623617003396120e+01
1.271812119432868116e+01
1.275000621862340111e+01
1.278189124291812107e+01
1.281377626721284102e+01
1.284566129150755742e+01
1.287754631580227738e+01
1.290943134009699733e+01
1.294131636439171729e+01
1.297320138868643724e+01
1.300508641298115720e+01
1.303697143727587715e+01
1.306885646157059355e+01
1.310074148586531351e+01
1.313262651016003346e+01
1.316451153445475342e+01
1.319639655874947337e+01
1.322828158304419333e+01
1.326016660733891328e+01
1.329205163163363324e+01
1.332393665592834964e+01
1.335582168022306959e+01
1.338770670451778955e+01
1.341959172881250950e+01
1.345147675310722946e+01
1.348336177740194941e+01
1.351524680169666937e+01
1.354713182599138932e+01
1.357901685028610572e+01
1.361090187458082568e+01
1.364278689887554563e+01
1.367467192317026559e+01
1.370655694746498554e+01
1.373844197175970550e+01
1.377032699605442545e+01
1.380221202034914540e+01
1.383409704464386181e+01
1.386598206893858176e+01
1.389786709323330172e+01
1.392975211752802167e+01
1.396163714182274163e+01
1.399352216611746158e+01
1.402540719041218154e+01
1.405729221470689794e+01
1.408917723900161789e+01
1.412106226329633785e+01
1.415294728759105780e+01
1.418483231188577776e+01
1.421671733618049771e+01
1.424860236047521767e+01
1.428048738476993762e+01
1.431237240906465402e+01
1.434425743335937398e+01
1.437614245765409393e+01
1.440802748194881389e+01
1.443991250624353384e+01
1.447179753053825380e+01
1.450368255483297375e+01
1.453556757912769370e+01
1.456745260342241011e+01
1.459933762771713006e+01
1.463122265201185002e+01
1.466310767630656997e+01
1.469499270060128993e+01
1.472687772489600988e+01
1.475876274919072983e+01
1.479064777348544979e+01
1.482253279778016619e+01
1.485441782207488615e+01
1.488630284636960610e+01
1.491818787066432606e+01
1.495007289495904601e+01
1.498195791925376597e+01
1.501384294354848592e+01
1.504572796784320587e+01
1.507761299213792228e+01
1.510949801643264223e+01
1.514138304072736219e+01
1.517326806502208214e+01
1.520515308931680210e+01
1.523703811361152205e+01
1.526892313790624200e+01
1.530080816220095841e+01
1.533269318649567836e+01
1.536457821079039832e+01
1.539646323508511827e+01
1.542834825937983823e+01
1.546023328367455818e+01
1.549211830796927813e+01
1.552400333226399809e+01
1.555588835655871449e+01
1.558777338085343445e+01
1.561965840514815440e+01
1.565154342944287436e+01
1.568342845373759431e+01
1.571531347803231426e+01
1.574719850232703422e+01
1.577908352662175417e+01
1.581096855091647058e+01
1.584285357521119053e+01
1.587473859950591049e+01
1.590662362380063044e+01
1.593850864809535040e+01
1.597039367239007035e+01
1.600227869668479030e+01
1.603416372097951026e+01
1.606604874527422666e+01
1.609793376956894662e+01
1.612981879386366657e+01
1.616170381815838653e+01
1.619358884245310648e+01
1.622547386674782643e+01
1.625735889104254639e+01
1.628924391533726279e+01
1.632112893963198275e+01
1.635301396392670270e+01
1.638489898822142266e+01
1.641678401251614261e+01
1.644866903681086256e+01
1.648055406110558252e+01
1.651243908540030247e+01
1.654432410969501888e+01
1.657620913398973883e+01
1.660809415828445879e+01
1.663997918257917874e+01
1.667186420687389869e+01
1.670374923116861865e+01
1.673563425546333860e+01
1.676751927975805856e+01
1.679940430405277496e+01
1.683128932834749492e+01
1.686317435264221487e+01
1.689505937693693483e+01
1.692694440123165478e+01
1.695882942552637473e+01
1.699071444982109469e+01
1.702259947411581464e+01
1.705448449841053105e+01
1.708636952270525100e+01
1.711825454699997096e+01
1.715013957129469091e+01
1.718202459558941086e+01
1.721390961988413082e+01
1.724579464417885077e+01
1.727767966847356718e+01
1.730956469276828713e+01
1.734144971706300709e+01
1.737333474135772704e+01
1.740521976565244699e+01
1.743710478994716695e+01
1.746898981424188690e+01
1.750087483853660686e+01
1.753275986283132326e+01
1.756464488712604322e+01
1.759652991142076317e+01
1.762841493571548313e+01
1.766029996001020308e+01
1.769218498430492303e+01
1.772407000859964299e+01
1.775595503289436294e+01
1.778784005718907935e+01
1.781972508148379930e+01
1.785161010577851926e+01
1.788349513007323921e+01
1.791538015436795916e+01
1.794726517866267912e+01
1.797915020295739907e+01
1.801103522725211903e+01
1.804292025154683543e+01
1.807480527584155539e+01
1.810669030013627534e+01
1.813857532443099529e+01
1.817046034872571525e+01
1.820234537302043520e+01
1.823423039731515516e+01
1.826611542160987156e+01
1.829800044590459152e+01
1.832988547019931147e+01
1.836177049449403142e+01
1.839365551878875138e+01
1.842554054308347133e+01
1.845742556737819129e+01
1.848931059167291124e+01
1.852119561596762765e+01
1.855308064026234760e+01
1.858496566455706756e+01
1.861685068885178751e+01
1.864873571314650746e+01
1.868062073744122742e+01
1.871250576173594737e+01
1.874439078603066733e+01
1.877627581032538373e+01
1.880816083462010369e+01
1.884004585891482364e+01
1.887193088320954359e+01
1.890381590750426355e+01
1.893570093179898350e+01
1.896758595609370346e+01
1.899947098038842341e+01
1.903135600468313982e+01
1.906324102897785977e+01
1.909512605327257972e+01
1.912701107756729968e+01
1.915889610186201963e+01
1.919078112615673959e+01
1.922266615045145954e+01
1.925455117474617595e+01
1.928643619904089590e+01
1.931832122333561585e+01
1.935020624763033581e+01
1.938209127192505576e+01
1.941397629621977572e+01
1.944586132051449567e+01
1.947774634480921563e+01
1.950963136910393203e+01
1.954151639339865199e+01
1.957340141769337194e+01
1.960528644198809189e+01
1.963717146628281185e+01
1.966905649057753180e+01
1.970094151487225176e+01
1.973282653916697171e+01
1.976471156346168812e+01
1.979659658775640807e+01
1.982848161205112802e+01
1.986036663634584798e+01
1.989225166064056793e+01
1.992413668493528789e+01
1.995602170923000784e+01
1.998790673352472780e+01
2.001979175781944420e+01
2.005167678211416415e+01
2.008356180640888411e+01
2.011544683070360406e+01
2.014733185499832402e+01
2.017921687929304397e+01
2.021110190358776393e+01
2.024298692788248033e+01
2.027487195217720028e+01
2.030675697647192024e+01
2.033864200076664019e+01
2.037052702506136015e+01
2.040241204935608010e+01
2.043429707365080006e+01
2.046618209794552001e+01
2.049806712224023642e+01
2.052995214653495637e+01
2.056183717082967632e+01
2.059372219512439628e+01
2.062560721941911623e+01
2.065749224371383619e+01
2.068937726800855614e+01
2.072126229230327610e+01
2.075314731659799250e+01
2.078503234089271245e+01
2.081691736518743241e+01
2.084880238948215236e+01
2.088068741377687232e+01
2.091257243807159227e+01
2.094445746236631223e+01
2.097634248666103218e+01
2.100822751095574858e+01
2.104011253525046854e+01
2.107199755954518849e+01
2.110388258383990845e+01
2.113576760813462840e+01
2.116765263242934836e+01
2.119953765672406831e+01
