# Scattering vector $q_{OOP}$ ($nm^{-1}$) values
-1.902149895361479937e+00
-1.872257780358935308e+00
-1.842365665356390458e+00
-1.812473550353845830e+00
-1.782581435351300980e+00
-1.752689320348756352e+00
-1.722797205346211502e+00
-1.692905090343666874e+00
-1.663012975341122246e+00
-1.633120860338577396e+00
-1.603228745336032546e+00
-1.573336630333487918e+00
-1.543444515330943290e+00
-1.513552400328398440e+00
-1.483660285325853811e+00
-1.453768170323308961e+00
-1.423876055320764333e+00
-1.393983940318219705e+00
-1.364091825315674855e+00
-1.334199710313130005e+00
-1.304307595310585377e+00
-1.274415480308040749e+00
-1.244523365305496121e+00
-1.214631250302951271e+00
-1.184739135300406421e+00
-1.154847020297861793e+00
-1.124954905295317165e+00
-1.095062790292772315e+00
-1.065170675290227686e+00
-1.035278560287682836e+00
-1.005386445285138208e+00
-9.754943302825934692e-01
-9.456022152800487302e-01
-9.157101002775039911e-01
-8.858179852749592520e-01
-8.559258702724146239e-01
-8.260337552698697738e-01
-7.961416402673251458e-01
-7.662495252647802957e-01
-7.363574102622356676e-01
-7.064652952596908175e-01
-6.765731802571461895e-01
-6.466810652546015614e-01
-6.167889502520567113e-01
-5.868968352495120833e-01
-5.570047202469672332e-01
-5.271126052444226051e-01
-4.972204902418777550e-01
-4.673283752393331270e-01
-4.374362602367884989e-01
-4.075441452342436488e-01
-3.776520302316990207e-01
-3.477599152291541706e-01
-3.178678002266095426e-01
-2.879756852240646925e-01
-2.580835702215200644e-01
-2.281914552189754364e-01
-1.982993402164305863e-01
-1.684072252138859582e-01
-1.385151102113411081e-01
-1.086229952087964801e-01
-7.873088020625162997e-02
-4.883876520370700192e-02
-1.894665020116215182e-02
1.094546480138247624e-02
4.083757980392710429e-02
7.072969480647195439e-02
1.006218098090168045e-01
1.305139248115614325e-01
1.604060398141060606e-01
1.902981548166506887e-01
2.201902698191957608e-01
2.500823848217403889e-01
2.799744998242850169e-01
3.098666148268296450e-01
3.397587298293742730e-01
3.696508448319193452e-01
3.995429598344639732e-01
4.294350748370086013e-01
4.593271898395532293e-01
4.892193048420983015e-01
5.191114198446429295e-01
5.490035348471875576e-01
5.788956498497321856e-01
6.087877648522768137e-01
6.386798798548218858e-01
6.685719948573665139e-01
6.984641098599111420e-01
7.283562248624557700e-01
7.582483398650003981e-01
7.881404548675454702e-01
8.180325698700900983e-01
8.479246848726347263e-01
8.778167998751793544e-01
9.077089148777244265e-01
9.376010298802690546e-01
9.674931448828136826e-01
9.973852598853583107e-01
1.027277374887902939e+00
1.057169489890448011e+00
1.087061604892992639e+00
1.116953719895537267e+00
1.146845834898081895e+00
1.176737949900626967e+00
1.206630064903171595e+00
1.236522179905716223e+00
1.266414294908260851e+00
1.296306409910805479e+00
1.326198524913350552e+00
1.356090639915895180e+00
1.385982754918439808e+00
1.415874869920984436e+00
1.445766984923529064e+00
1.475659099926074136e+00
1.505551214928618764e+00
1.535443329931163392e+00
1.565335444933708020e+00
1.595227559936253092e+00
1.625119674938797720e+00
1.655011789941342348e+00
1.684903904943886976e+00
1.714796019946431604e+00
1.744688134948976677e+00
1.774580249951521305e+00
1.804472364954065933e+00
1.834364479956610561e+00
1.864256594959155633e+00
1.894148709961700261e+00
1.924040824964244889e+00
1.953932939966789517e+00
1.983825054969334145e+00
2.013717169971878995e+00
2.043609284974423623e+00
2.073501399976968251e+00
2.103393514979513768e+00
2.133285629982058396e+00
2.163177744984603024e+00
2.193069859987147652e+00
2.222961974989692280e+00
2.252854089992236908e+00
2.282746204994781536e+00
2.312638319997326164e+00
2.342530434999871680e+00
2.372422550002416308e+00
2.402314665004960936e+00
2.432206780007505564e+00
2.462098895010050192e+00
2.491991010012594820e+00
2.521883125015139449e+00
2.551775240017684077e+00
2.581667355020228705e+00
2.611559470022774221e+00
2.641451585025318849e+00
2.671343700027863477e+00
2.701235815030408105e+00
2.731127930032952733e+00
2.761020045035497361e+00
2.790912160038041989e+00
2.820804275040586617e+00
2.850696390043131245e+00
2.880588505045676762e+00
2.910480620048221390e+00
2.940372735050766018e+00
2.970264850053310646e+00
3.000156965055855274e+00
3.030049080058399902e+00
3.059941195060944530e+00
3.089833310063489158e+00
3.119725425066033786e+00
3.149617540068578414e+00
3.179509655071123930e+00
3.209401770073668558e+00
3.239293885076213186e+00
3.269186000078757814e+00
3.299078115081302442e+00
3.328970230083847071e+00
3.358862345086391699e+00
3.388754460088936327e+00
3.418646575091480955e+00
3.448538690094026471e+00
3.478430805096571099e+00
3.508322920099115727e+00
3.538215035101660355e+00
3.568107150104204983e+00
3.597999265106749611e+00
3.627891380109294239e+00
3.657783495111838867e+00
3.687675610114383495e+00
3.717567725116929012e+00
3.747459840119473640e+00
3.777351955122018268e+00
3.807244070124562896e+00
3.837136185127107524e+00
3.867028300129652152e+00
3.896920415132196780e+00
3.926812530134741408e+00
3.956704645137286036e+00
3.986596760139831552e+00
4.016488875142376180e+00
4.046380990144920808e+00
4.076273105147465436e+00
4.106165220150010065e+00
4.136057335152554693e+00
4.165949450155099321e+00
4.195841565157643949e+00
4.225733680160188577e+00
4.255625795162734093e+00
4.285517910165278721e+00
4.315410025167823349e+00
4.345302140170367977e+00
4.375194255172912605e+00
4.405086370175457233e+00
4.434978485178001861e+00
4.464870600180546489e+00
4.494762715183091117e+00
4.524654830185636634e+00
4.554546945188181262e+00
4.584439060190725890e+00
4.614331175193270518e+00
4.644223290195815146e+00
4.674115405198359774e+00
4.704007520200904402e+00
4.733899635203449030e+00
4.763791750205993658e+00
4.793683865208538286e+00
4.823575980211083802e+00
4.853468095213628430e+00
4.883360210216173058e+00
4.913252325218717687e+00
4.943144440221262315e+00
4.973036555223806943e+00
5.002928670226351571e+00
5.032820785228896199e+00
5.062712900231440827e+00
5.092605015233986343e+00
5.122497130236530971e+00
5.152389245239075599e+00
5.182281360241620227e+00
5.212173475244164855e+00
5.242065590246709483e+00
5.271957705249254111e+00
5.301849820251798739e+00
5.331741935254343367e+00
5.361634050256888884e+00
5.391526165259433512e+00
5.421418280261978140e+00
5.451310395264522768e+00
5.481202510267067396e+00
5.511094625269612024e+00
5.540986740272156652e+00
5.570878855274701280e+00
5.600770970277245908e+00
5.630663085279791424e+00
5.660555200282336052e+00
5.690447315284880681e+00
5.720339430287425309e+00
5.750231545289969937e+00
5.780123660292514565e+00
5.810015775295059193e+00
5.839907890297603821e+00
5.869800005300148449e+00
5.899692120302693965e+00
5.929584235305238593e+00
5.959476350307783221e+00
5.989368465310327849e+00
6.019260580312872477e+00
6.049152695315417105e+00
6.079044810317961733e+00
6.108936925320507250e+00
6.138829040323051878e+00
6.168721155325596506e+00
6.198613270328141134e+00
6.228505385330685762e+00
6.258397500333230390e+00
6.288289615335775018e+00
6.318181730338319646e+00
6.348073845340864274e+00
6.377965960343408902e+00
6.407858075345953530e+00
6.437750190348498158e+00
6.467642305351042786e+00
6.497534420353587414e+00
6.527426535356132042e+00
6.557318650358676670e+00
6.587210765361223075e+00
6.617102880363767703e+00
6.646994995366312331e+00
6.676887110368856959e+00
6.706779225371401587e+00
6.736671340373946215e+00
6.766563455376490843e+00
6.796455570379035471e+00
6.826347685381580099e+00
6.856239800384124727e+00
6.886131915386669355e+00
6.916024030389213983e+00
6.945916145391758612e+00
6.975808260394303240e+00
7.005700375396847868e+00
7.035592490399392496e+00
7.065484605401937124e+00
7.095376720404481752e+00
7.125268835407028156e+00
7.155160950409572784e+00
7.185053065412117412e+00
7.214945180414662040e+00
7.244837295417206668e+00
7.274729410419751297e+00
7.304621525422295925e+00
7.334513640424840553e+00
7.364405755427385181e+00
7.394297870429929809e+00
7.424189985432474437e+00
7.454082100435019065e+00
7.483974215437563693e+00
7.513866330440108321e+00
7.543758445442652949e+00
7.573650560445197577e+00
7.603542675447742205e+00
7.633434790450286833e+00
7.663326905452833238e+00
7.693219020455377866e+00
7.723111135457922494e+00
7.753003250460467122e+00
7.782895365463011750e+00
7.812787480465556378e+00
7.842679595468101006e+00
7.872571710470645634e+00
7.902463825473190262e+00
7.932355940475734890e+00
7.962248055478279518e+00
7.992140170480824146e+00
8.022032285483367886e+00
8.051924400485912514e+00
8.081816515488457142e+00
8.111708630491001770e+00
8.141600745493546398e+00
8.171492860496091026e+00
8.201384975498635654e+00
8.231277090501182059e+00
8.261169205503726687e+00
8.291061320506271315e+00
8.320953435508815943e+00
8.350845550511360571e+00
8.380737665513905199e+00
8.410629780516449827e+00
8.440521895518994455e+00
8.470414010521539083e+00
8.500306125524083711e+00
8.530198240526628339e+00
8.560090355529172967e+00
8.589982470531717595e+00
8.619874585534262224e+00
8.649766700536806852e+00
8.679658815539351480e+00
8.709550930541896108e+00
8.739443045544440736e+00
8.769335160546987140e+00
8.799227275549531768e+00
8.829119390552076396e+00
8.859011505554621024e+00
8.888903620557165652e+00
8.918795735559710280e+00
8.948687850562254908e+00
8.978579965564799537e+00
9.008472080567344165e+00
9.038364195569888793e+00
9.068256310572433421e+00
9.098148425574978049e+00
9.128040540577522677e+00
9.157932655580067305e+00
9.187824770582611933e+00
9.217716885585156561e+00
9.247609000587701189e+00
9.277501115590245817e+00
9.307393230592792222e+00
9.337285345595336850e+00
9.367177460597881478e+00
9.397069575600426106e+00
9.426961690602970734e+00
9.456853805605515362e+00
9.486745920608059990e+00
9.516638035610604618e+00
9.546530150613149246e+00
9.576422265615693874e+00
9.606314380618238502e+00
9.636206495620783130e+00
9.666098610623327758e+00
9.695990725625872386e+00
9.725882840628417014e+00
9.755774955630961642e+00
9.785667070633506270e+00
9.815559185636050898e+00
9.845451300638595526e+00
9.875343415641141931e+00
9.905235530643686559e+00
9.935127645646231187e+00
9.965019760648775815e+00
9.994911875651320443e+00
1.002480399065386507e+01
1.005469610565640970e+01
1.008458822065895433e+01
1.011448033566149896e+01
1.014437245066404358e+01
1.017426456566658821e+01
1.020415668066913284e+01
1.023404879567167747e+01
1.026394091067422210e+01
1.029383302567676672e+01
1.032372514067931135e+01
1.035361725568185598e+01
1.038350937068440061e+01
1.041340148568694701e+01
1.044329360068949164e+01
1.047318571569203627e+01
1.050307783069458090e+01
1.053296994569712552e+01
1.056286206069967015e+01
1.059275417570221478e+01
1.062264629070475941e+01
1.065253840570730404e+01
1.068243052070984866e+01
1.071232263571239329e+01
1.074221475071493792e+01
1.077210686571748255e+01
1.080199898072002718e+01
1.083189109572257181e+01
1.086178321072511643e+01
1.089167532572766106e+01
1.092156744073020569e+01
1.095145955573275209e+01
1.098135167073529672e+01
1.101124378573784135e+01
1.104113590074038598e+01
1.107102801574293061e+01
1.110092013074547523e+01
1.113081224574801986e+01
1.116070436075056449e+01
1.119059647575310912e+01
1.122048859075565375e+01
1.125038070575819837e+01
1.128027282076074300e+01
1.131016493576328763e+01
1.134005705076583226e+01
1.136994916576837689e+01
1.139984128077092151e+01
1.142973339577346614e+01
1.145962551077601077e+01
1.148951762577855540e+01
1.151940974078110180e+01
1.154930185578364643e+01
1.157919397078619106e+01
1.160908608578873569e+01
1.163897820079128032e+01
1.166887031579382494e+01
1.169876243079636957e+01
1.172865454579891420e+01
1.175854666080145883e+01
1.178843877580400346e+01
1.181833089080654808e+01
1.184822300580909271e+01
1.187811512081163734e+01
1.190800723581418197e+01
1.193789935081672660e+01
1.196779146581927122e+01
1.199768358082181585e+01
1.202757569582436048e+01
1.205746781082690688e+01
1.208735992582945151e+01
1.211725204083199614e+01
1.214714415583454077e+01
1.217703627083708540e+01
1.220692838583963002e+01
1.223682050084217465e+01
1.226671261584471928e+01
1.229660473084726391e+01
1.232649684584980854e+01
1.235638896085235316e+01
1.238628107585489779e+01
1.241617319085744242e+01
1.244606530585998705e+01
1.247595742086253168e+01
1.250584953586507631e+01
1.253574165086762093e+01
1.256563376587016556e+01
1.259552588087271197e+01
1.262541799587525659e+01
1.265531011087780122e+01
1.268520222588034585e+01
1.271509434088289048e+01
1.274498645588543511e+01
1.277487857088797973e+01
1.280477068589052436e+01
1.283466280089306899e+01
1.286455491589561362e+01
1.289444703089815825e+01
1.292433914590070287e+01
1.295423126090324750e+01
1.298412337590579213e+01
1.301401549090833676e+01
1.304390760591088139e+01
1.307379972091342601e+01
1.310369183591597064e+01
1.313358395091851705e+01
1.316347606592106168e+01
1.319336818092360630e+01
1.322326029592615093e+01
1.325315241092869556e+01
1.328304452593124019e+01
1.331293664093378482e+01
1.334282875593632944e+01
1.337272087093887407e+01
1.340261298594141870e+01
1.343250510094396333e+01
1.346239721594650796e+01
1.349228933094905258e+01
1.352218144595159721e+01
1.355207356095414184e+01
1.358196567595668647e+01
1.361185779095923110e+01
1.364174990596177572e+01
1.367164202096432035e+01
1.370153413596686676e+01
1.373142625096941138e+01
1.376131836597195601e+01
1.379121048097450064e+01
1.382110259597704527e+01
1.385099471097958990e+01
1.388088682598213452e+01
1.391077894098467915e+01
1.394067105598722378e+01
1.397056317098976841e+01
1.400045528599231304e+01
1.403034740099485767e+01
1.406023951599740229e+01
1.409013163099994692e+01
1.412002374600249333e+01
1.414991586100503618e+01
1.417980797600758258e+01
1.420970009101012543e+01
1.423959220601267184e+01
1.426948432101521469e+01
1.429937643601776109e+01
1.432926855102030395e+01
1.435916066602285035e+01
1.438905278102539320e+01
1.441894489602793961e+01
1.444883701103048246e+01
1.447872912603302886e+01
1.450862124103557527e+01
1.453851335603811812e+01
1.456840547104066452e+01
1.459829758604320737e+01
1.462818970104575378e+01
1.465808181604829663e+01
1.468797393105084303e+01
1.471786604605338589e+01
1.474775816105593229e+01
1.477765027605847514e+01
1.480754239106102155e+01
1.483743450606356440e+01
1.486732662106611080e+01
1.489721873606865366e+01
1.492711085107120006e+01
1.495700296607374291e+01
1.498689508107628932e+01
1.501678719607883217e+01
1.504667931108137857e+01
1.507657142608392498e+01
1.510646354108646783e+01
1.513635565608901423e+01
1.516624777109155708e+01
1.519613988609410349e+01
1.522603200109664634e+01
1.525592411609919274e+01
1.528581623110173560e+01
1.531570834610428200e+01
1.534560046110682485e+01
1.537549257610937126e+01
1.540538469111191411e+01
1.543527680611446051e+01
1.546516892111700336e+01
1.549506103611954977e+01
1.552495315112209262e+01
1.555484526612463902e+01
1.558473738112718188e+01
1.561462949612972828e+01
1.564452161113227469e+01
1.567441372613481754e+01
1.570430584113736394e+01
1.573419795613990679e+01
1.576409007114245320e+01
1.579398218614499605e+01
1.582387430114754245e+01
1.585376641615008531e+01
1.588365853115263171e+01
1.591355064615517456e+01
1.594344276115772097e+01
1.597333487616026382e+01
1.600322699116281200e+01
1.603311910616535485e+01
1.606301122116790125e+01
1.609290333617044411e+01
1.612279545117299051e+01
1.615268756617553692e+01
1.618257968117807977e+01
1.621247179618062617e+01
1.624236391118316902e+01
1.627225602618571543e+01
1.630214814118825828e+01
1.633204025619080468e+01
1.636193237119334754e+01
1.639182448619589394e+01
1.642171660119843679e+01
1.645160871620098320e+01
1.648150083120352605e+01
1.651139294620607245e+01
1.654128506120861530e+01
1.657117717621116171e+01
1.660106929121370456e+01
1.663096140621625096e+01
1.666085352121879382e+01
1.669074563622134022e+01
1.672063775122388662e+01
1.675052986622642948e+01
1.678042198122897588e+01
1.681031409623151873e+01
1.684020621123406514e+01
1.687009832623660799e+01
1.689999044123915439e+01
1.692988255624169724e+01
1.695977467124424365e+01
1.698966678624678650e+01
1.701955890124933291e+01
1.704945101625187576e+01
1.707934313125442216e+01
1.710923524625696501e+01
1.713912736125951142e+01
1.716901947626205427e+01
1.719891159126460067e+01
1.722880370626714708e+01
1.725869582126968993e+01
1.728858793627223633e+01
1.731848005127477919e+01
1.734837216627732559e+01
1.737826428127986844e+01
1.740815639628241485e+01
1.743804851128495770e+01
1.746794062628750410e+01
1.749783274129004695e+01
1.752772485629259336e+01
1.755761697129513621e+01
1.758750908629768261e+01
1.761740120130022547e+01
1.764729331630277187e+01
1.767718543130531472e+01
1.770707754630786113e+01
1.773696966131040398e+01
1.776686177631295038e+01
1.779675389131549679e+01
1.782664600631803964e+01
1.785653812132058604e+01
1.788643023632312890e+01
1.791632235132567530e+01
1.794621446632821815e+01
1.797610658133076456e+01
1.800599869633330741e+01
1.803589081133585381e+01
1.806578292633839666e+01
1.809567504134094307e+01
1.812556715634348592e+01
1.815545927134603232e+01
1.818535138634857518e+01
1.821524350135112158e+01
1.824513561635366443e+01
1.827502773135621084e+01
1.830491984635875369e+01
1.833481196136130009e+01
1.836470407636384650e+01
1.839459619136638935e+01
1.842448830636893575e+01
1.845438042137147860e+01
1.848427253637402501e+01
1.851416465137656786e+01
1.854405676637911426e+01
1.857394888138165712e+01
1.860384099638420352e+01
1.863373311138674637e+01
1.866362522638929278e+01
1.869351734139183563e+01
1.872340945639438203e+01
1.875330157139692488e+01
1.878319368639947129e+01
1.881308580140201414e+01
1.884297791640456055e+01
1.887287003140710695e+01
1.890276214640964980e+01
1.893265426141219621e+01
1.896254637641473906e+01
1.899243849141728546e+01
1.902233060641982831e+01
1.905222272142237472e+01
1.908211483642491757e+01
1.911200695142746397e+01
1.914189906643000683e+01
1.917179118143255323e+01
1.920168329643509608e+01
1.923157541143764249e+01
1.926146752644018534e+01
1.929135964144273174e+01
1.932125175644527459e+01
1.935114387144782100e+01
1.938103598645036385e+01
1.941092810145291025e+01
1.944082021645545666e+01
1.947071233145799951e+01
1.950060444646054592e+01
1.953049656146308877e+01
1.956038867646563517e+01
1.959028079146817802e+01
1.962017290647072443e+01
1.965006502147326728e+01
1.967995713647581368e+01
1.970984925147835654e+01
1.973974136648090294e+01
1.976963348148344579e+01
1.979952559648599220e+01
1.982941771148853505e+01
1.985930982649108145e+01
1.988920194149362430e+01
1.991909405649617071e+01
1.994898617149871356e+01
1.997887828650125996e+01
2.000877040150380637e+01
2.003866251650634922e+01
2.006855463150889562e+01
2.009844674651143848e+01
2.012833886151398488e+01
2.015823097651652773e+01
2.018812309151907414e+01
2.021801520652161699e+01
2.024790732152416339e+01
2.027779943652670624e+01
2.030769155152925265e+01
2.033758366653179550e+01
2.036747578153434191e+01
2.039736789653688476e+01
2.042726001153943116e+01
2.045715212654197401e+01
2.048704424154452042e+01
2.051693635654706682e+01
2.054682847154960967e+01
2.057672058655215608e+01
2.060661270155469893e+01
2.063650481655724533e+01
2.066639693155978819e+01
2.069628904656233459e+01
2.072618116156487744e+01
2.075607327656742385e+01
2.078596539156996670e+01
2.081585750657251310e+01
2.084574962157505595e+01
2.087564173657760236e+01
2.090553385158014521e+01
2.093542596658269161e+01
2.096531808158523447e+01
2.099521019658778087e+01
2.102510231159032372e+01
2.105499442659287013e+01
2.108488654159541653e+01
2.111477865659795938e+01
2.114467077160050579e+01
2.117456288660304864e+01
2.120445500160559504e+01
2.123434711660813790e+01
2.126423923161068430e+01
2.129413134661322715e+01
2.132402346161577356e+01
2.135391557661831641e+01
2.138380769162086281e+01
2.141369980662340566e+01
2.144359192162595207e+01
2.147348403662849492e+01
2.150337615163104132e+01
