# Scattering vector $q_{OOP}$ ($nm^{-1}$) values
-1.328738158908186806e+00
-1.298923005564919020e+00
-1.269107852221651234e+00
-1.239292698878383447e+00
-1.209477545535115883e+00
-1.179662392191848097e+00
-1.149847238848580311e+00
-1.120032085505312525e+00
-1.090216932162044738e+00
-1.060401778818776952e+00
-1.030586625475509166e+00
-1.000771472132241602e+00
-9.709563187889738156e-01
-9.411411654457060294e-01
-9.113260121024382432e-01
-8.815108587591704570e-01
-8.516957054159026708e-01
-8.218805520726349956e-01
-7.920653987293672094e-01
-7.622502453860994232e-01
-7.324350920428317480e-01
-7.026199386995639617e-01
-6.728047853562961755e-01
-6.429896320130283893e-01
-6.131744786697607141e-01
-5.833593253264929279e-01
-5.535441719832251417e-01
-5.237290186399574665e-01
-4.939138652966896803e-01
-4.640987119534218941e-01
-4.342835586101541079e-01
-4.044684052668864327e-01
-3.746532519236186465e-01
-3.448380985803508603e-01
-3.150229452370831851e-01
-2.852077918938153989e-01
-2.553926385505476127e-01
-2.255774852072798264e-01
-1.957623318640120402e-01
-1.659471785207442540e-01
-1.361320251774766898e-01
-1.063168718342089036e-01
-7.650171849094111742e-02
-4.668656514767333121e-02
-1.687141180440554500e-02
1.294374153886224121e-02
4.275889488213002743e-02
7.257404822539759159e-02
1.023892015686653778e-01
1.322043549119331640e-01
1.620195082552009502e-01
1.918346615984687364e-01
2.216498149417365227e-01
2.514649682850043089e-01
2.812801216282718730e-01
3.110952749715396592e-01
3.409104283148074455e-01
3.707255816580752317e-01
4.005407350013430179e-01
4.303558883446108041e-01
4.601710416878785903e-01
4.899861950311461545e-01
5.198013483744139407e-01
5.496165017176817269e-01
5.794316550609495131e-01
6.092468084042172993e-01
6.390619617474850855e-01
6.688771150907528718e-01
6.986922684340204359e-01
7.285074217772884442e-01
7.583225751205560083e-01
7.881377284638240166e-01
8.179528818070915808e-01
8.477680351503591449e-01
8.775831884936271532e-01
9.073983418368947174e-01
9.372134951801627256e-01
9.670286485234302898e-01
9.968438018666982980e-01
1.026658955209965862e+00
1.056474108553233426e+00
1.086289261896501435e+00
1.116104415239768999e+00
1.145919568583037007e+00
1.175734721926304571e+00
1.205549875269572579e+00
1.235365028612840144e+00
1.265180181956107708e+00
1.294995335299375716e+00
1.324810488642643280e+00
1.354625641985911289e+00
1.384440795329178853e+00
1.414255948672446861e+00
1.444071102015714425e+00
1.473886255358981989e+00
1.503701408702249998e+00
1.533516562045517562e+00
1.563331715388785570e+00
1.593146868732053134e+00
1.622962022075321142e+00
1.652777175418588707e+00
1.682592328761856271e+00
1.712407482105124279e+00
1.742222635448391843e+00
1.772037788791659851e+00
1.801852942134927416e+00
1.831668095478195424e+00
1.861483248821462988e+00
1.891298402164730552e+00
1.921113555507998560e+00
1.950928708851266125e+00
1.980743862194534133e+00
2.010559015537801919e+00
2.040374168881069927e+00
2.070189322224337047e+00
2.100004475567605056e+00
2.129819628910873064e+00
2.159634782254140184e+00
2.189449935597408192e+00
2.219265088940676200e+00
2.249080242283944209e+00
2.278895395627211329e+00
2.308710548970479337e+00
2.338525702313747345e+00
2.368340855657014465e+00
2.398156009000282474e+00
2.427971162343550482e+00
2.457786315686818490e+00
2.487601469030085610e+00
2.517416622373353619e+00
2.547231775716621627e+00
2.577046929059888747e+00
2.606862082403156755e+00
2.636677235746424763e+00
2.666492389089692772e+00
2.696307542432960780e+00
2.726122695776227900e+00
2.755937849119495908e+00
2.785753002462763916e+00
2.815568155806031037e+00
2.845383309149299045e+00
2.875198462492567053e+00
2.905013615835835061e+00
2.934828769179102181e+00
2.964643922522370190e+00
2.994459075865638198e+00
3.024274229208905318e+00
3.054089382552173326e+00
3.083904535895441335e+00
3.113719689238709343e+00
3.143534842581976463e+00
3.173349995925244471e+00
3.203165149268512479e+00
3.232980302611779599e+00
3.262795455955047608e+00
3.292610609298315616e+00
3.322425762641583624e+00
3.352240915984850744e+00
3.382056069328118753e+00
3.411871222671386761e+00
3.441686376014653881e+00
3.471501529357921889e+00
3.501316682701189897e+00
3.531131836044457906e+00
3.560946989387725026e+00
3.590762142730993034e+00
3.620577296074261042e+00
3.650392449417528162e+00
3.680207602760796171e+00
3.710022756104064179e+00
3.739837909447332187e+00
3.769653062790599307e+00
3.799468216133867315e+00
3.829283369477135324e+00
3.859098522820402444e+00
3.888913676163670452e+00
3.918728829506938460e+00
3.948543982850206469e+00
3.978359136193473589e+00
4.008174289536741597e+00
4.037989442880009605e+00
4.067804596223276725e+00
4.097619749566544733e+00
4.127434902909812742e+00
4.157250056253080750e+00
4.187065209596347870e+00
4.216880362939615878e+00
4.246695516282883887e+00
4.276510669626151007e+00
4.306325822969419015e+00
4.336140976312687023e+00
4.365956129655955031e+00
4.395771282999222151e+00
4.425586436342490160e+00
4.455401589685758168e+00
4.485216743029025288e+00
4.515031896372293296e+00
4.544847049715561305e+00
4.574662203058829313e+00
4.604477356402096433e+00
4.634292509745364441e+00
4.664107663088632449e+00
4.693922816431899570e+00
4.723737969775167578e+00
4.753553123118435586e+00
4.783368276461703594e+00
4.813183429804970714e+00
4.842998583148238723e+00
4.872813736491506731e+00
4.902628889834773851e+00
4.932444043178041859e+00
4.962259196521309867e+00
4.992074349864577876e+00
5.021889503207844996e+00
5.051704656551113004e+00
5.081519809894381012e+00
5.111334963237648132e+00
5.141150116580916141e+00
5.170965269924184149e+00
5.200780423267452157e+00
5.230595576610719277e+00
5.260410729953987286e+00
5.290225883297255294e+00
5.320041036640522414e+00
5.349856189983790422e+00
5.379671343327058430e+00
5.409486496670326439e+00
5.439301650013593559e+00
5.469116803356861567e+00
5.498931956700129575e+00
5.528747110043396695e+00
5.558562263386664704e+00
5.588377416729932712e+00
5.618192570073200720e+00
5.648007723416467840e+00
5.677822876759735848e+00
5.707638030103003857e+00
5.737453183446270977e+00
5.767268336789538985e+00
5.797083490132806993e+00
5.826898643476075002e+00
5.856713796819342122e+00
5.886528950162610130e+00
5.916344103505878138e+00
5.946159256849145258e+00
5.975974410192413266e+00
6.005789563535681275e+00
6.035604716878949283e+00
6.065419870222216403e+00
6.095235023565484411e+00
6.125050176908752420e+00
6.154865330252019540e+00
6.184680483595287548e+00
6.214495636938555556e+00
6.244310790281823564e+00
6.274125943625090684e+00
6.303941096968358693e+00
6.333756250311626701e+00
6.363571403654893821e+00
6.393386556998161829e+00
6.423201710341429838e+00
6.453016863684697846e+00
6.482832017027964966e+00
6.512647170371232974e+00
6.542462323714500982e+00
6.572277477057768102e+00
6.602092630401036111e+00
6.631907783744304119e+00
6.661722937087572127e+00
6.691538090430840136e+00
6.721353243774108144e+00
6.751168397117374376e+00
6.780983550460642384e+00
6.810798703803910392e+00
6.840613857147178400e+00
6.870429010490446409e+00
6.900244163833714417e+00
6.930059317176982425e+00
6.959874470520248657e+00
6.989689623863516665e+00
7.019504777206784674e+00
7.049319930550052682e+00
7.079135083893320690e+00
7.108950237236588698e+00
7.138765390579856707e+00
7.168580543923122939e+00
7.198395697266390947e+00
7.228210850609658955e+00
7.258026003952926963e+00
7.287841157296194972e+00
7.317656310639462980e+00
7.347471463982730988e+00
7.377286617325997220e+00
7.407101770669265228e+00
7.436916924012533237e+00
7.466732077355801245e+00
7.496547230699069253e+00
7.526362384042337261e+00
7.556177537385605270e+00
7.585992690728871501e+00
7.615807844072139510e+00
7.645622997415407518e+00
7.675438150758675526e+00
7.705253304101943534e+00
7.735068457445211543e+00
7.764883610788479551e+00
7.794698764131745783e+00
7.824513917475013791e+00
7.854329070818281799e+00
7.884144224161549808e+00
7.913959377504817816e+00
7.943774530848085824e+00
7.973589684191353832e+00
8.003404837534619176e+00
8.033219990877887184e+00
8.063035144221155193e+00
8.092850297564423201e+00
8.122665450907691209e+00
8.152480604250959217e+00
8.182295757594227226e+00
8.212110910937493458e+00
8.241926064280761466e+00
8.271741217624029474e+00
8.301556370967297482e+00
8.331371524310565491e+00
8.361186677653833499e+00
8.391001830997101507e+00
8.420816984340367739e+00
8.450632137683635747e+00
8.480447291026903756e+00
8.510262444370171764e+00
8.540077597713439772e+00
8.569892751056707780e+00
8.599707904399975789e+00
8.629523057743242020e+00
8.659338211086510029e+00
8.689153364429778037e+00
8.718968517773046045e+00
8.748783671116314054e+00
8.778598824459582062e+00
8.808413977802850070e+00
8.838229131146116302e+00
8.868044284489384310e+00
8.897859437832652318e+00
8.927674591175920327e+00
8.957489744519188335e+00
8.987304897862456343e+00
9.017120051205724351e+00
9.046935204548990583e+00
9.076750357892258592e+00
9.106565511235526600e+00
9.136380664578794608e+00
9.166195817922062616e+00
9.196010971265330625e+00
9.225826124608598633e+00
9.255641277951864865e+00
9.285456431295132873e+00
9.315271584638400881e+00
9.345086737981668890e+00
9.374901891324936898e+00
9.404717044668204906e+00
9.434532198011472914e+00
9.464347351354739146e+00
9.494162504698007155e+00
9.523977658041275163e+00
9.553792811384543171e+00
9.583607964727811179e+00
9.613423118071079188e+00
9.643238271414347196e+00
9.673053424757613428e+00
9.702868578100881436e+00
9.732683731444149444e+00
9.762498884787417452e+00
9.792314038130685461e+00
9.822129191473953469e+00
9.851944344817221477e+00
9.881759498160487709e+00
9.911574651503755717e+00
9.941389804847023726e+00
9.971204958190291734e+00
1.000102011153355974e+01
1.003083526487682775e+01
1.006065041822009576e+01
1.009046557156336199e+01
1.012028072490663000e+01
1.015009587824989801e+01
1.017991103159316602e+01
1.020972618493643402e+01
1.023954133827970203e+01
1.026935649162297004e+01
1.029917164496623627e+01
1.032898679830950428e+01
1.035880195165277229e+01
1.038861710499604030e+01
1.041843225833930831e+01
1.044824741168257631e+01
1.047806256502584432e+01
1.050787771836911055e+01
1.053769287171237856e+01
1.056750802505564657e+01
1.059732317839891458e+01
1.062713833174218259e+01
1.065695348508545059e+01
1.068676863842871860e+01
1.071658379177198483e+01
1.074639894511525284e+01
1.077621409845852085e+01
1.080602925180178886e+01
1.083584440514505687e+01
1.086565955848832488e+01
1.089547471183159288e+01
1.092528986517485912e+01
1.095510501851812712e+01
1.098492017186139513e+01
1.101473532520466314e+01
1.104455047854793115e+01
1.107436563189119916e+01
1.110418078523446717e+01
1.113399593857773340e+01
1.116381109192100141e+01
1.119362624526426941e+01
1.122344139860753742e+01
1.125325655195080543e+01
1.128307170529407344e+01
1.131288685863734145e+01
1.134270201198060768e+01
1.137251716532387569e+01
1.140233231866714370e+01
1.143214747201041170e+01
1.146196262535367971e+01
1.149177777869694772e+01
1.152159293204021573e+01
1.155140808538348196e+01
1.158122323872674997e+01
1.161103839207001798e+01
1.164085354541328599e+01
1.167066869875655399e+01
1.170048385209982200e+01
1.173029900544309001e+01
1.176011415878635624e+01
1.178992931212962425e+01
1.181974446547289226e+01
1.184955961881616027e+01
1.187937477215942828e+01
1.190918992550269628e+01
1.193900507884596429e+01
1.196882023218923052e+01
1.199863538553249853e+01
1.202845053887576654e+01
1.205826569221903455e+01
1.208808084556230256e+01
1.211789599890557056e+01
1.214771115224883857e+01
1.217752630559210480e+01
1.220734145893537281e+01
1.223715661227864082e+01
1.226697176562190883e+01
1.229678691896517684e+01
1.232660207230844485e+01
1.235641722565171285e+01
1.238623237899497909e+01
1.241604753233824709e+01
1.244586268568151510e+01
1.247567783902478311e+01
1.250549299236805112e+01
1.253530814571131913e+01
1.256512329905458714e+01
1.259493845239785337e+01
1.262475360574112138e+01
1.265456875908438938e+01
1.268438391242765739e+01
1.271419906577092540e+01
1.274401421911419341e+01
1.277382937245746142e+01
1.280364452580072765e+01
1.283345967914399566e+01
1.286327483248726367e+01
1.289308998583053167e+01
1.292290513917379968e+01
1.295272029251706769e+01
1.298253544586033570e+01
1.301235059920360193e+01
1.304216575254686994e+01
1.307198090589013795e+01
1.310179605923340596e+01
1.313161121257667396e+01
1.316142636591994197e+01
1.319124151926320998e+01
1.322105667260647621e+01
1.325087182594974422e+01
1.328068697929301223e+01
1.331050213263628024e+01
1.334031728597954825e+01
1.337013243932281625e+01
1.339994759266608426e+01
1.342976274600935049e+01
1.345957789935261850e+01
1.348939305269588651e+01
1.351920820603915452e+01
1.354902335938242253e+01
1.357883851272569053e+01
1.360865366606895854e+01
1.363846881941222478e+01
1.366828397275549278e+01
1.369809912609876079e+01
1.372791427944202880e+01
1.375772943278529681e+01
1.378754458612856482e+01
1.381735973947183282e+01
1.384717489281509906e+01
1.387699004615836706e+01
1.390680519950163507e+01
1.393662035284490308e+01
1.396643550618817109e+01
1.399625065953143910e+01
1.402606581287470711e+01
1.405588096621797334e+01
1.408569611956124135e+01
1.411551127290450935e+01
1.414532642624777736e+01
1.417514157959104537e+01
1.420495673293431338e+01
1.423477188627758139e+01
1.426458703962084762e+01
1.429440219296411563e+01
1.432421734630738364e+01
1.435403249965065164e+01
1.438384765299391965e+01
1.441366280633718766e+01
1.444347795968045567e+01
1.447329311302372190e+01
1.450310826636698991e+01
1.453292341971025792e+01
1.456273857305352593e+01
1.459255372639679393e+01
1.462236887974006194e+01
1.465218403308332995e+01
1.468199918642659796e+01
1.471181433976986597e+01
1.474162949311313398e+01
1.477144464645640198e+01
1.480125979979966644e+01
1.483107495314293445e+01
1.486089010648620246e+01
1.489070525982947046e+01
1.492052041317273847e+01
1.495033556651600648e+01
1.498015071985927449e+01
1.500996587320254250e+01
1.503978102654581051e+01
1.506959617988907851e+01
1.509941133323234652e+01
1.512922648657561453e+01
1.515904163991888254e+01
1.518885679326215055e+01
1.521867194660541500e+01
1.524848709994868301e+01
1.527830225329195102e+01
1.530811740663521903e+01
1.533793255997848703e+01
1.536774771332175504e+01
1.539756286666502305e+01
1.542737802000829106e+01
1.545719317335155907e+01
1.548700832669482708e+01
1.551682348003809508e+01
1.554663863338136309e+01
1.557645378672463110e+01
1.560626894006789911e+01
1.563608409341116356e+01
1.566589924675443157e+01
1.569571440009769958e+01
1.572552955344096759e+01
1.575534470678423560e+01
1.578515986012750361e+01
1.581497501347077161e+01
1.584479016681403962e+01
1.587460532015730763e+01
1.590442047350057564e+01
1.593423562684384365e+01
1.596405078018711166e+01
1.599386593353037966e+01
1.602368108687364767e+01
1.605349624021691213e+01
1.608331139356018014e+01
1.611312654690344814e+01
1.614294170024671615e+01
1.617275685358998416e+01
1.620257200693325217e+01
1.623238716027652018e+01
1.626220231361978819e+01
1.629201746696305619e+01
1.632183262030632420e+01
1.635164777364959221e+01
1.638146292699286022e+01
1.641127808033612823e+01
1.644109323367939623e+01
1.647090838702266069e+01
1.650072354036592870e+01
1.653053869370919671e+01
1.656035384705246472e+01
1.659016900039573272e+01
1.661998415373900073e+01
1.664979930708226874e+01
1.667961446042553675e+01
1.670942961376880476e+01
1.673924476711207276e+01
1.676905992045534077e+01
1.679887507379860878e+01
1.682869022714187679e+01
1.685850538048514480e+01
1.688832053382840925e+01
1.691813568717167726e+01
1.694795084051494527e+01
1.697776599385821328e+01
1.700758114720148129e+01
1.703739630054474929e+01
1.706721145388801730e+01
1.709702660723128531e+01
1.712684176057455332e+01
1.715665691391782133e+01
1.718647206726108934e+01
1.721628722060435734e+01
1.724610237394762535e+01
1.727591752729089336e+01
1.730573268063415782e+01
1.733554783397742582e+01
1.736536298732069383e+01
1.739517814066396184e+01
1.742499329400722985e+01
1.745480844735049786e+01
1.748462360069376587e+01
1.751443875403703387e+01
1.754425390738030188e+01
1.757406906072356989e+01
1.760388421406683790e+01
1.763369936741010591e+01
1.766351452075337392e+01
1.769332967409664192e+01
1.772314482743990638e+01
1.775295998078317439e+01
1.778277513412644240e+01
1.781259028746971040e+01
1.784240544081297841e+01
1.787222059415624642e+01
1.790203574749951443e+01
1.793185090084278244e+01
1.796166605418605045e+01
1.799148120752931845e+01
1.802129636087258646e+01
1.805111151421585447e+01
1.808092666755912248e+01
1.811074182090239049e+01
1.814055697424565494e+01
1.817037212758892295e+01
1.820018728093219096e+01
1.823000243427545897e+01
1.825981758761872698e+01
1.828963274096199498e+01
1.831944789430526299e+01
1.834926304764853100e+01
1.837907820099179901e+01
1.840889335433506702e+01
1.843870850767833502e+01
1.846852366102160303e+01
1.849833881436487104e+01
1.852815396770813905e+01
1.855796912105140350e+01
1.858778427439467151e+01
1.861759942773793952e+01
1.864741458108120753e+01
1.867722973442447554e+01
1.870704488776774355e+01
1.873686004111101155e+01
1.876667519445427956e+01
1.879649034779754757e+01
1.882630550114081558e+01
1.885612065448408359e+01
1.888593580782735160e+01
1.891575096117061960e+01
1.894556611451388761e+01
1.897538126785715207e+01
1.900519642120042008e+01
1.903501157454368808e+01
1.906482672788695609e+01
1.909464188123022410e+01
1.912445703457349211e+01
1.915427218791676012e+01
1.918408734126002813e+01
1.921390249460329613e+01
1.924371764794656414e+01
1.927353280128983215e+01
1.930334795463310016e+01
1.933316310797636817e+01
1.936297826131963618e+01
1.939279341466290063e+01
1.942260856800616864e+01
1.945242372134943665e+01
1.948223887469270466e+01
1.951205402803597266e+01
1.954186918137924067e+01
1.957168433472250868e+01
1.960149948806577669e+01
1.963131464140904470e+01
1.966112979475231270e+01
1.969094494809558071e+01
1.972076010143884872e+01
1.975057525478211673e+01
1.978039040812538474e+01
1.981020556146864919e+01
1.984002071481191720e+01
1.986983586815518521e+01
1.989965102149845322e+01
1.992946617484172123e+01
1.995928132818498923e+01
1.998909648152825724e+01
2.001891163487152525e+01
2.004872678821479326e+01
2.007854194155806127e+01
2.010835709490132928e+01
2.013817224824459728e+01
2.016798740158786529e+01
2.019780255493113330e+01
2.022761770827439776e+01
2.025743286161766576e+01
2.028724801496093377e+01
2.031706316830420178e+01
2.034687832164746979e+01
2.037669347499073780e+01
2.040650862833400581e+01
2.043632378167727381e+01
2.046613893502054182e+01
2.049595408836380983e+01
2.052576924170707784e+01
2.055558439505034585e+01
2.058539954839361386e+01
2.061521470173688186e+01
2.064502985508014632e+01
2.067484500842341433e+01
2.070466016176668234e+01
2.073447531510995034e+01
2.076429046845321835e+01
2.079410562179648636e+01
2.082392077513975437e+01
2.085373592848302238e+01
2.088355108182629039e+01
2.091336623516955839e+01
2.094318138851282640e+01
2.097299654185609441e+01
2.100281169519936242e+01
2.103262684854263043e+01
2.106244200188589488e+01
2.109225715522916289e+01
2.112207230857243090e+01
2.115188746191569891e+01
2.118170261525896692e+01
2.121151776860223492e+01
2.124133292194550293e+01
2.127114807528877094e+01
2.130096322863203895e+01
2.133077838197530696e+01
2.136059353531857496e+01
2.139040868866184297e+01
2.142022384200511098e+01
2.145003899534837899e+01
2.147985414869164345e+01
2.150966930203491145e+01
2.153948445537817946e+01
2.156929960872144747e+01
2.159911476206471548e+01
2.162892991540798349e+01
2.165874506875125149e+01
2.168856022209451950e+01
2.171837537543778751e+01
2.174819052878105552e+01
2.177800568212432353e+01
2.180782083546759154e+01
2.183763598881085954e+01
2.186745114215412755e+01
2.189726629549739201e+01
2.192708144884066002e+01
2.195689660218392802e+01
2.198671175552719603e+01
2.201652690887046404e+01
