# Scattering angle 2$	heta$ (deg)
3.219096942636787834e-02
7.307675068107871708e-02
1.139625319357895489e-01
1.548483131905003807e-01
1.957340944452111986e-01
2.366198756999220443e-01
2.775056569546329177e-01
3.183914382093437356e-01
3.592772194640545536e-01
4.001630007187654270e-01
4.410487819734762449e-01
4.819345632281871183e-01
5.228203444828979363e-01
5.637061257376088097e-01
6.045919069923195721e-01
6.454776882470304455e-01
6.863634695017412080e-01
7.272492507564520814e-01
7.681350320111629548e-01
8.090208132658737172e-01
8.499065945205845907e-01
8.907923757752953531e-01
9.316781570300062265e-01
9.725639382847170999e-01
1.013449719539427862e+00
1.054335500794138625e+00
1.095221282048849609e+00
1.136107063303560150e+00
1.176992844558271134e+00
1.217878625812982119e+00
1.258764407067692881e+00
1.299650188322403643e+00
1.340535969577114406e+00
1.381421750831825390e+00
1.422307532086536153e+00
1.463193313341246915e+00
1.504079094595957899e+00
1.544964875850668662e+00
1.585850657105379424e+00
1.626736438360090409e+00
1.667622219614801171e+00
1.708508000869511934e+00
1.749393782124222696e+00
1.790279563378933680e+00
1.831165344633644665e+00
1.872051125888355427e+00
1.912936907143066412e+00
1.953822688397776952e+00
1.994708469652487715e+00
2.035594250907198699e+00
2.076480032161909683e+00
2.117365813416620224e+00
2.158251594671331208e+00
2.199137375926042193e+00
2.240023157180752733e+00
2.280908938435463718e+00
2.321794719690174258e+00
2.362680500944885242e+00
2.403566282199596227e+00
2.444452063454307211e+00
2.485337844709018196e+00
2.526223625963728736e+00
2.567109407218439276e+00
2.607995188473150261e+00
2.648880969727861245e+00
2.689766750982572230e+00
2.730652532237282770e+00
2.771538313491993755e+00
2.812424094746704295e+00
2.853309876001415279e+00
2.894195657256126264e+00
2.935081438510836804e+00
2.975967219765547789e+00
3.016853001020258773e+00
3.057738782274969758e+00
3.098624563529680298e+00
3.139510344784391283e+00
3.180396126039101823e+00
3.221281907293812807e+00
3.262167688548523792e+00
3.303053469803234776e+00
3.343939251057945317e+00
3.384825032312655857e+00
3.425710813567366841e+00
3.466596594822077826e+00
3.507482376076788810e+00
3.548368157331499795e+00
3.589253938586210335e+00
3.630139719840921320e+00
3.671025501095632304e+00
3.711911282350343289e+00
3.752797063605053829e+00
3.793682844859764813e+00
3.834568626114474910e+00
3.875454407369185894e+00
3.916340188623896879e+00
3.957225969878607863e+00
3.998111751133318403e+00
4.038997532388029832e+00
4.079883313642739928e+00
4.120769094897450913e+00
4.161654876152161897e+00
4.202540657406872882e+00
4.243426438661583866e+00
4.284312219916294850e+00
4.325198001171005835e+00
4.366083782425716819e+00
4.406969563680426916e+00
4.447855344935137900e+00
4.488741126189848885e+00
4.529626907444558981e+00
4.570512688699269965e+00
4.611398469953980950e+00
4.652284251208691934e+00
4.693170032463402919e+00
4.734055813718113903e+00
4.774941594972824888e+00
4.815827376227535872e+00
4.856713157482246856e+00
4.897598938736956953e+00
4.938484719991667937e+00
4.979370501246378033e+00
5.020256282501089018e+00
5.061142063755800002e+00
5.102027845010510987e+00
5.142913626265221971e+00
5.183799407519932956e+00
5.224685188774643940e+00
5.265570970029354925e+00
5.306456751284065909e+00
5.347342532538776005e+00
5.388228313793486990e+00
5.429114095048197974e+00
5.469999876302908959e+00
5.510885657557619943e+00
5.551771438812330928e+00
5.592657220067041024e+00
5.633543001321752008e+00
5.674428782576462993e+00
5.715314563831173977e+00
5.756200345085884074e+00
5.797086126340595058e+00
5.837971907595306043e+00
5.878857688850017027e+00
5.919743470104728011e+00
5.960629251359438996e+00
6.001515032614149980e+00
6.042400813868860965e+00
6.083286595123571949e+00
6.124172376378282046e+00
6.165058157632992142e+00
6.205943938887703126e+00
6.246829720142414111e+00
6.287715501397125095e+00
6.328601282651836080e+00
6.369487063906547064e+00
6.410372845161258049e+00
6.451258626415969033e+00
6.492144407670680017e+00
6.533030188925391002e+00
6.573915970180101098e+00
6.614801751434812083e+00
6.655687532689523067e+00
6.696573313944234052e+00
6.737459095198944148e+00
6.778344876453655132e+00
6.819230657708366117e+00
6.860116438963077101e+00
6.901002220217788086e+00
6.941888001472499070e+00
6.982773782727209166e+00
7.023659563981920151e+00
7.064545345236631135e+00
7.105431126491342120e+00
7.146316907746053104e+00
7.187202689000764977e+00
7.228088470255475961e+00
7.268974251510186946e+00
7.309860032764897930e+00
7.350745814019608027e+00
7.391631595274319011e+00
7.432517376529029995e+00
7.473403157783740980e+00
7.514288939038451964e+00
7.555174720293162949e+00
7.596060501547872157e+00
7.636946282802583141e+00
7.677832064057294126e+00
7.718717845312005110e+00
7.759603626566716095e+00
7.800489407821426191e+00
7.841375189076137175e+00
7.882260970330848160e+00
7.923146751585559144e+00
7.964032532840270129e+00
8.004918314094981113e+00
8.045804095349691210e+00
8.086689876604403082e+00
8.127575657859113178e+00
8.168461439113825051e+00
8.209347220368535147e+00
8.250233001623247020e+00
8.291118782877957116e+00
8.332004564132668989e+00
8.372890345387379085e+00
8.413776126642089181e+00
8.454661907896801054e+00
8.495547689151511150e+00
8.536433470406223023e+00
8.577319251660933119e+00
8.618205032915644992e+00
8.659090814170355088e+00
8.699976595425066961e+00
8.740862376679777057e+00
8.781748157934487153e+00
8.822633939189197250e+00
8.863519720443907346e+00
8.904405501698619219e+00
8.945291282953329315e+00
8.986177064208041187e+00
9.027062845462751284e+00
9.067948626717463156e+00
9.108834407972173253e+00
9.149720189226885125e+00
9.190605970481595222e+00
9.231491751736305318e+00
9.272377532991017191e+00
9.313263314245727287e+00
9.354149095500439159e+00
9.395034876755149256e+00
9.435920658009861128e+00
9.476806439264571225e+00
9.517692220519283097e+00
9.558578001773993194e+00
9.599463783028703290e+00
9.640349564283415162e+00
9.681235345538125259e+00
9.722121126792837131e+00
9.763006908047547228e+00
9.803892689302259100e+00
9.844778470556969197e+00
9.885664251811681069e+00
9.926550033066389389e+00
9.967435814321101262e+00
1.000832159557581136e+01
1.004920737683052323e+01
1.009009315808523333e+01
1.013097893933994342e+01
1.017186472059465530e+01
1.021275050184936539e+01
1.025363628310407726e+01
1.029452206435878736e+01
1.033540784561349923e+01
1.037629362686820933e+01
1.041717940812292120e+01
1.045806518937763130e+01
1.049895097063234140e+01
1.053983675188705327e+01
1.058072253314176336e+01
1.062160831439647524e+01
1.066249409565118533e+01
1.070337987690589721e+01
1.074426565816060730e+01
1.078515143941531917e+01
1.082603722067002927e+01
1.086692300192473937e+01
1.090780878317945124e+01
1.094869456443416134e+01
1.098958034568887321e+01
1.103046612694358330e+01
1.107135190819829518e+01
1.111223768945300350e+01
1.115312347070771537e+01
1.119400925196242547e+01
1.123489503321713734e+01
1.127578081447184744e+01
1.131666659572655753e+01
1.135755237698126940e+01
1.139843815823597950e+01
1.143932393949069137e+01
1.148020972074540147e+01
1.152109550200011334e+01
1.156198128325482344e+01
1.160286706450953531e+01
1.164375284576424541e+01
1.168463862701895550e+01
1.172552440827366738e+01
1.176641018952837747e+01
1.180729597078308934e+01
1.184818175203779944e+01
1.188906753329251131e+01
1.192995331454722141e+01
1.197083909580193328e+01
1.201172487705664338e+01
1.205261065831135525e+01
1.209349643956606535e+01
1.213438222082077544e+01
1.217526800207548732e+01
1.221615378333019741e+01
1.225703956458490751e+01
1.229792534583961761e+01
1.233881112709432948e+01
1.237969690834903957e+01
1.242058268960375145e+01
1.246146847085846154e+01
1.250235425211317342e+01
1.254324003336788351e+01
1.258412581462259361e+01
1.262501159587730548e+01
1.266589737713201558e+01
1.270678315838672745e+01
1.274766893964143755e+01
1.278855472089614942e+01
1.282944050215085952e+01
1.287032628340557139e+01
1.291121206466028148e+01
1.295209784591499158e+01
1.299298362716970345e+01
1.303386940842441355e+01
1.307475518967912542e+01
1.311564097093383552e+01
1.315652675218854739e+01
1.319741253344325749e+01
1.323829831469796936e+01
1.327918409595267946e+01
1.332006987720738955e+01
1.336095565846210143e+01
1.340184143971681152e+01
1.344272722097152162e+01
1.348361300222623171e+01
1.352449878348094359e+01
1.356538456473565368e+01
1.360627034599036556e+01
1.364715612724507565e+01
1.368804190849978752e+01
1.372892768975449762e+01
1.376981347100920949e+01
1.381069925226391959e+01
1.385158503351862969e+01
1.389247081477334156e+01
1.393335659602805165e+01
1.397424237728276353e+01
1.401512815853747362e+01
1.405601393979218550e+01
1.409689972104689559e+01
1.413778550230160747e+01
1.417867128355631756e+01
1.421955706481102766e+01
1.426044284606573953e+01
1.430132862732044963e+01
1.434221440857516150e+01
1.438310018982987160e+01
1.442398597108458347e+01
1.446487175233929356e+01
1.450575753359400544e+01
1.454664331484871553e+01
1.458752909610342563e+01
1.462841487735813750e+01
1.466930065861284760e+01
1.471018643986755947e+01
1.475107222112226957e+01
1.479195800237698144e+01
1.483284378363169154e+01
1.487372956488640341e+01
1.491461534614111351e+01
1.495550112739582360e+01
1.499638690865053547e+01
1.503727268990524557e+01
1.507815847115995744e+01
1.511904425241466754e+01
1.515993003366937586e+01
1.520081581492408596e+01
1.524170159617879783e+01
1.528258737743350792e+01
1.532347315868821980e+01
1.536435893994292989e+01
1.540524472119764177e+01
1.544613050245235186e+01
1.548701628370706196e+01
1.552790206496177383e+01
1.556878784621648393e+01
1.560967362747119580e+01
1.565055940872590590e+01
1.569144518998061777e+01
1.573233097123532787e+01
1.577321675249003974e+01
1.581410253374474983e+01
1.585498831499946171e+01
1.589587409625417180e+01
1.593675987750888190e+01
1.597764565876359377e+01
1.601853144001830387e+01
1.605941722127301574e+01
1.610030300252772761e+01
1.614118878378243593e+01
1.618207456503714781e+01
1.622296034629185968e+01
1.626384612754656800e+01
1.630473190880127987e+01
1.634561769005599174e+01
1.638650347131070362e+01
1.642738925256541194e+01
1.646827503382012381e+01
1.650916081507483568e+01
1.655004659632954755e+01
1.659093237758425587e+01
1.663181815883896775e+01
1.667270394009367962e+01
1.671358972134838794e+01
1.675447550260309981e+01
1.679536128385781169e+01
1.683624706511252356e+01
1.687713284636723188e+01
1.691801862762194375e+01
1.695890440887665562e+01
1.699979019013136750e+01
1.704067597138607582e+01
1.708156175264078769e+01
1.712244753389549956e+01
1.716333331515020788e+01
1.720421909640491975e+01
1.724510487765963163e+01
1.728599065891434350e+01
1.732687644016905182e+01
1.736776222142376369e+01
1.740864800267847556e+01
1.744953378393318388e+01
1.749041956518789220e+01
1.753130534644260408e+01
1.757219112769731595e+01
1.761307690895202427e+01
1.765396269020673614e+01
1.769484847146144801e+01
1.773573425271615989e+01
1.777662003397086821e+01
1.781750581522558008e+01
1.785839159648029195e+01
1.789927737773500382e+01
1.794016315898971214e+01
1.798104894024442402e+01
1.802193472149913589e+01
1.806282050275384421e+01
1.810370628400855608e+01
1.814459206526326795e+01
1.818547784651797983e+01
1.822636362777268815e+01
1.826724940902740002e+01
1.830813519028211189e+01
1.834902097153682021e+01
1.838990675279153209e+01
1.843079253404624396e+01
1.847167831530095583e+01
1.851256409655566415e+01
1.855344987781037602e+01
1.859433565906508790e+01
1.863522144031979977e+01
1.867610722157450809e+01
1.871699300282921996e+01
1.875787878408393183e+01
1.879876456533864015e+01
1.883965034659335203e+01
1.888053612784806390e+01
1.892142190910277577e+01
1.896230769035748409e+01
1.900319347161219596e+01
1.904407925286690784e+01
1.908496503412161971e+01
1.912585081537632803e+01
1.916673659663103990e+01
1.920762237788575177e+01
1.924850815914046009e+01
1.928939394039517197e+01
1.933027972164988384e+01
1.937116550290459571e+01
1.941205128415930403e+01
1.945293706541401590e+01
1.949382284666872778e+01
1.953470862792343610e+01
1.957559440917814797e+01
1.961648019043285984e+01
1.965736597168757172e+01
1.969825175294228004e+01
1.973913753419699191e+01
1.978002331545170378e+01
1.982090909670641210e+01
1.986179487796112042e+01
1.990268065921583229e+01
1.994356644047054417e+01
1.998445222172525604e+01
2.002533800297996436e+01
2.006622378423467623e+01
2.010710956548938810e+01
2.014799534674409642e+01
2.018888112799880830e+01
2.022976690925352017e+01
2.027065269050823204e+01
2.031153847176294036e+01
2.035242425301765223e+01
2.039331003427236411e+01
2.043419581552707243e+01
2.047508159678178430e+01
2.051596737803649617e+01
2.055685315929120804e+01
2.059773894054591636e+01
2.063862472180062824e+01
2.067951050305534011e+01
2.072039628431005198e+01
2.076128206556476030e+01
2.080216784681947217e+01
2.084305362807418405e+01
2.088393940932889237e+01
2.092482519058360424e+01
2.096571097183831611e+01
2.100659675309302798e+01
2.104748253434773630e+01
2.108836831560244818e+01
2.112925409685716005e+01
2.117013987811187192e+01
2.121102565936658024e+01
2.125191144062129212e+01
2.129279722187600399e+01
2.133368300313071231e+01
2.137456878438542418e+01
2.141545456564013605e+01
2.145634034689484793e+01
2.149722612814955625e+01
2.153811190940426812e+01
2.157899769065897999e+01
2.161988347191368831e+01
2.166076925316840018e+01
2.170165503442311206e+01
2.174254081567782393e+01
2.178342659693253225e+01
2.182431237818724412e+01
2.186519815944195599e+01
2.190608394069666787e+01
2.194696972195137619e+01
2.198785550320608806e+01
2.202874128446079993e+01
2.206962706571550825e+01
2.211051284697022012e+01
2.215139862822492844e+01
2.219228440947964032e+01
2.223317019073434864e+01
2.227405597198906051e+01
2.231494175324377238e+01
2.235582753449848425e+01
2.239671331575319257e+01
2.243759909700790445e+01
2.247848487826261632e+01
2.251937065951732464e+01
2.256025644077203651e+01
2.260114222202674839e+01
2.264202800328146026e+01
2.268291378453616858e+01
2.272379956579088045e+01
2.276468534704559232e+01
2.280557112830030420e+01
2.284645690955501252e+01
2.288734269080972439e+01
2.292822847206443626e+01
2.296911425331914458e+01
2.301000003457385645e+01
2.305088581582856833e+01
2.309177159708328020e+01
2.313265737833798852e+01
2.317354315959270039e+01
2.321442894084741226e+01
2.325531472210212414e+01
2.329620050335683246e+01
2.333708628461154433e+01
2.337797206586625620e+01
2.341885784712096452e+01
2.345974362837567639e+01
2.350062940963038827e+01
2.354151519088510014e+01
2.358240097213980846e+01
2.362328675339452033e+01
2.366417253464923220e+01
2.370505831590394052e+01
2.374594409715865240e+01
2.378682987841336427e+01
2.382771565966807614e+01
2.386860144092278446e+01
2.390948722217749634e+01
2.395037300343220821e+01
2.399125878468692008e+01
2.403214456594162840e+01
2.407303034719634027e+01
2.411391612845105215e+01
2.415480190970576047e+01
2.419568769096047234e+01
2.423657347221518421e+01
2.427745925346989608e+01
2.431834503472460440e+01
2.435923081597931628e+01
2.440011659723402815e+01
2.444100237848873647e+01
2.448188815974344479e+01
2.452277394099815666e+01
2.456365972225286853e+01
2.460454550350757685e+01
2.464543128476228873e+01
2.468631706601700060e+01
2.472720284727171247e+01
2.476808862852642079e+01
2.480897440978113266e+01
2.484986019103584454e+01
2.489074597229055641e+01
2.493163175354526473e+01
2.497251753479997660e+01
2.501340331605468847e+01
2.505428909730939679e+01
2.509517487856410867e+01
2.513606065981882054e+01
2.517694644107353241e+01
2.521783222232824073e+01
2.525871800358295260e+01
2.529960378483766448e+01
2.534048956609237635e+01
2.538137534734708467e+01
2.542226112860179654e+01
2.546314690985650842e+01
2.550403269111121674e+01
2.554491847236592861e+01
2.558580425362064048e+01
2.562669003487535235e+01
2.566757581613006067e+01
2.570846159738477255e+01
2.574934737863948442e+01
2.579023315989419274e+01
2.583111894114890461e+01
2.587200472240361648e+01
2.591289050365832836e+01
2.595377628491303668e+01
2.599466206616774855e+01
2.603554784742246042e+01
2.607643362867717229e+01
2.611731940993188061e+01
2.615820519118659249e+01
2.619909097244130436e+01
2.623997675369601268e+01
2.628086253495072455e+01
2.632174831620543642e+01
2.636263409746014830e+01
2.640351987871485662e+01
2.644440565996956849e+01
2.648529144122428036e+01
2.652617722247898868e+01
2.656706300373370055e+01
2.660794878498841243e+01
2.664883456624312430e+01
2.668972034749783262e+01
2.673060612875254449e+01
2.677149191000725637e+01
2.681237769126196469e+01
2.685326347251667300e+01
2.689414925377138488e+01
2.693503503502609675e+01
2.697592081628080862e+01
2.701680659753551694e+01
2.705769237879022882e+01
2.709857816004494069e+01
2.713946394129964901e+01
2.718034972255436088e+01
2.722123550380907275e+01
2.726212128506378463e+01
2.730300706631849295e+01
2.734389284757320482e+01
2.738477862882791669e+01
2.742566441008262856e+01
2.746655019133733688e+01
2.750743597259204876e+01
2.754832175384676063e+01
2.758920753510146895e+01
2.763009331635618082e+01
2.767097909761089269e+01
2.771186487886560457e+01
2.775275066012031289e+01
2.779363644137502476e+01
2.783452222262973663e+01
2.787540800388444495e+01
2.791629378513915682e+01
2.795717956639386870e+01
2.799806534764858057e+01
2.803895112890328889e+01
2.807983691015800076e+01
2.812072269141271263e+01
2.816160847266742451e+01
2.820249425392213283e+01
2.824338003517684470e+01
2.828426581643155657e+01
2.832515159768626489e+01
2.836603737894097677e+01
2.840692316019568864e+01
2.844780894145040051e+01
2.848869472270510883e+01
2.852958050395982070e+01
2.857046628521453258e+01
2.861135206646924090e+01
2.865223784772395277e+01
2.869312362897866109e+01
2.873400941023337651e+01
2.877489519148808128e+01
2.881578097274279671e+01
2.885666675399750503e+01
2.889755253525222045e+01
2.893843831650692522e+01
2.897932409776164064e+01
2.902020987901634896e+01
2.906109566027106084e+01
2.910198144152576916e+01
2.914286722278048458e+01
2.918375300403519290e+01
2.922463878528990477e+01
2.926552456654461309e+01
2.930641034779932852e+01
2.934729612905403684e+01
2.938818191030874871e+01
2.942906769156345703e+01
2.946995347281817246e+01
2.951083925407288078e+01
2.955172503532759265e+01
2.959261081658230097e+01
2.963349659783701640e+01
2.967438237909172116e+01
2.971526816034643659e+01
2.975615394160114491e+01
2.979703972285585678e+01
2.983792550411056510e+01
2.987881128536528053e+01
2.991969706661998885e+01
2.996058284787470072e+01
3.000146862912940904e+01
3.004235441038412446e+01
3.008324019163883278e+01
3.012412597289354466e+01
3.016501175414825298e+01
3.020589753540296840e+01
3.024678331665767672e+01
3.028766909791238149e+01
3.032855487916709691e+01
3.036944066042180523e+01
3.041032644167651711e+01
3.045121222293122543e+01
3.049209800418594085e+01
3.053298378544064917e+01
3.057386956669536104e+01
3.061475534795006936e+01
3.065564112920478479e+01
3.069652691045949311e+01
3.073741269171420498e+01
3.077829847296891330e+01
3.081918425422362873e+01
3.086007003547833349e+01
3.090095581673304892e+01
3.094184159798775724e+01
3.098272737924247267e+01
3.102361316049717743e+01
3.106449894175189286e+01
3.110538472300660118e+01
3.114627050426131305e+01
3.118715628551602137e+01
3.122804206677073680e+01
3.126892784802544512e+01
3.130981362928015699e+01
3.135069941053486531e+01
3.139158519178958073e+01
3.143247097304428905e+01
3.147335675429900093e+01
3.151424253555370925e+01
3.155512831680842467e+01
3.159601409806313299e+01
3.163689987931784486e+01
3.167778566057255318e+01
3.171867144182726861e+01
3.175955722308197338e+01
3.180044300433668880e+01
3.184132878559139712e+01
3.188221456684610899e+01
3.192310034810081731e+01
3.196398612935553274e+01
3.200487191061024106e+01
3.204575769186495648e+01
3.208664347311966480e+01
3.212752925437437312e+01
3.216841503562908144e+01
3.220930081688379687e+01
3.225018659813850519e+01
3.229107237939322061e+01
3.233195816064792893e+01
3.237284394190264436e+01
3.241372972315734557e+01
3.245461550441206100e+01
3.249550128566676932e+01
3.253638706692148475e+01
3.257727284817619307e+01
3.261815862943090139e+01
3.265904441068561681e+01
3.269993019194032513e+01
3.274081597319503345e+01
3.278170175444974177e+01
3.282258753570445720e+01
3.286347331695916552e+01
3.290435909821388094e+01
3.294524487946858926e+01
3.298613066072330469e+01
3.302701644197800590e+01
3.306790222323272133e+01
3.310878800448742965e+01
3.314967378574214507e+01
3.319055956699685339e+01
3.323144534825156882e+01
3.327233112950627714e+01
3.331321691076098546e+01
3.335410269201569378e+01
3.339498847327040920e+01
3.343587425452511752e+01
3.347676003577983295e+01
3.351764581703454127e+01
3.355853159828925669e+01
3.359941737954396501e+01
3.364030316079867333e+01
3.368118894205338165e+01
3.372207472330809708e+01
3.376296050456280540e+01
3.380384628581752082e+01
3.384473206707222914e+01
3.388561784832694457e+01
3.392650362958164578e+01
3.396738941083636121e+01
3.400827519209106953e+01
3.404916097334578495e+01
3.409004675460049327e+01
