Sum horizontally x	Sum horizontally y
1	1.963408e+03
2	1.998289e+03
3	1.976711e+03
4	1.973750e+03
5	1.989684e+03
6	1.989618e+03
7	1.995342e+03
8	1.987026e+03
9	1.998961e+03
10	2.006355e+03
11	2.008684e+03
12	2.015500e+03
13	2.008776e+03
14	2.027329e+03
15	2.028421e+03
16	2.038329e+03
17	2.027724e+03
18	2.044513e+03
19	2.045184e+03
20	2.048237e+03
21	2.065895e+03
22	2.064605e+03
23	2.058987e+03
24	2.079053e+03
25	2.075145e+03
26	2.086882e+03
27	2.084868e+03
28	2.097789e+03
29	2.104184e+03
30	2.104895e+03
31	2.107500e+03
32	2.125250e+03
33	2.123645e+03
34	2.130868e+03
35	2.131263e+03
36	2.138855e+03
37	2.144395e+03
38	2.154355e+03
39	2.164342e+03
40	2.165684e+03
41	2.172329e+03
42	2.181750e+03
43	2.188395e+03
44	2.191789e+03
45	2.189895e+03
46	2.207158e+03
47	2.218039e+03
48	2.215842e+03
49	2.229789e+03
50	2.232316e+03
51	2.244474e+03
52	2.249368e+03
53	2.261105e+03
54	2.265974e+03
55	2.282592e+03
56	2.278566e+03
57	2.296974e+03
58	2.303737e+03
59	2.309684e+03
60	2.312921e+03
61	2.320066e+03
62	2.347355e+03
63	2.352211e+03
64	2.348895e+03
65	2.361711e+03
66	2.362303e+03
67	2.374382e+03
68	2.380882e+03
69	2.391855e+03
70	2.409921e+03
71	2.420553e+03
72	2.434053e+03
73	2.429316e+03
74	2.444105e+03
75	2.459500e+03
76	2.466908e+03
77	2.468724e+03
78	2.477526e+03
79	2.500697e+03
80	2.504632e+03
81	2.528553e+03
82	2.524789e+03
83	2.544566e+03
84	2.558553e+03
85	2.565671e+03
86	2.577684e+03
87	2.587908e+03
88	2.601382e+03
89	2.616632e+03
90	2.624039e+03
91	2.642145e+03
92	2.661908e+03
93	2.668171e+03
94	2.676053e+03
95	2.690013e+03
96	2.724355e+03
97	2.712513e+03
98	2.721237e+03
99	2.729789e+03
100	2.791632e+03
101	2.779855e+03
102	2.794816e+03
103	2.796500e+03
104	2.818263e+03
105	2.813974e+03
106	2.852013e+03
107	2.868724e+03
108	2.873316e+03
109	2.888329e+03
110	2.918263e+03
111	2.923553e+03
112	2.948013e+03
113	2.964605e+03
114	2.984579e+03
115	3.006368e+03
116	3.019737e+03
117	3.034618e+03
118	3.068395e+03
119	3.070382e+03
120	3.092671e+03
121	3.121066e+03
122	3.137395e+03
123	3.141697e+03
124	3.183961e+03
125	3.210079e+03
126	3.236592e+03
127	3.251329e+03
128	3.300987e+03
129	3.321737e+03
130	3.350171e+03
131	3.377579e+03
132	3.412684e+03
133	3.440947e+03
134	3.477250e+03
135	3.518066e+03
136	3.565368e+03
137	3.593500e+03
138	3.635987e+03
139	3.675197e+03
140	3.717750e+03
141	3.778605e+03
142	3.821171e+03
143	3.870013e+03
144	3.911263e+03
145	3.944039e+03
146	4.006368e+03
147	4.055882e+03
148	4.091605e+03
149	4.138368e+03
150	4.178013e+03
151	4.226592e+03
152	4.266684e+03
153	4.321224e+03
154	4.353776e+03
155	4.418013e+03
156	4.436592e+03
157	4.489605e+03
158	4.520618e+03
159	4.572776e+03
160	4.609934e+03
161	4.658842e+03
162	4.704237e+03
163	4.734434e+03
164	4.782066e+03
165	4.829197e+03
166	4.867724e+03
167	4.923711e+03
168	4.973250e+03
169	5.047947e+03
170	5.082066e+03
171	5.130447e+03
172	5.201803e+03
173	5.255079e+03
174	5.322434e+03
175	5.384158e+03
176	5.466987e+03
177	5.554579e+03
178	5.626645e+03
179	5.723632e+03
180	5.826421e+03
181	5.938763e+03
182	6.054224e+03
183	6.159908e+03
184	6.281105e+03
185	6.410474e+03
186	6.575645e+03
187	6.706868e+03
188	6.842987e+03
189	7.002211e+03
190	7.125382e+03
191	7.269026e+03
192	7.398789e+03
193	7.515803e+03
194	7.670724e+03
195	7.590434e+03
196	NaN
197	NaN
198	NaN
199	NaN
200	NaN
201	NaN
202	NaN
203	NaN
204	NaN
205	NaN
206	NaN
207	NaN
208	NaN
209	NaN
210	NaN
211	NaN
212	NaN
213	7.597158e+03
214	7.750605e+03
215	7.643605e+03
216	7.563789e+03
217	7.499947e+03
218	7.397276e+03
219	7.297434e+03
220	7.218526e+03
221	7.111763e+03
222	7.008382e+03
223	6.934368e+03
224	6.807671e+03
225	6692
226	6.581079e+03
227	6.517329e+03
228	6.420526e+03
229	6.344263e+03
230	6.243684e+03
231	6.196263e+03
232	6.133855e+03
233	6.085053e+03
234	6.038184e+03
235	5.995171e+03
236	5.950816e+03
237	5.905974e+03
238	5.885421e+03
239	5.841250e+03
240	5.824605e+03
241	5.801882e+03
242	5.776461e+03
243	5.758684e+03
244	5.746868e+03
245	5.735789e+03
246	5.714184e+03
247	5.695697e+03
248	5.683829e+03
249	5.681776e+03
250	5.668487e+03
251	5.662224e+03
252	5.648632e+03
253	5.631592e+03
254	5.630539e+03
255	5.612026e+03
256	5.589447e+03
257	5.595026e+03
258	5.575868e+03
259	5.565789e+03
260	5.565184e+03
261	5.563711e+03
262	5.535513e+03
263	5538
264	5.510197e+03
265	5.509408e+03
266	5.516579e+03
267	5.509737e+03
268	5.498829e+03
269	5.499882e+03
270	5.470579e+03
271	5.486711e+03
272	5.492526e+03
273	5.473132e+03
274	5.483526e+03
275	5.477724e+03
276	5.473566e+03
277	5.467500e+03
278	5.461974e+03
279	5.462487e+03
280	5.455645e+03
281	5.448711e+03
282	5.467579e+03
283	5.469237e+03
284	5.467026e+03
285	5.433579e+03
286	5.457816e+03
287	5.456855e+03
288	5.471145e+03
289	5.455934e+03
290	5.460368e+03
291	5.465658e+03
292	5.454776e+03
293	5.456539e+03
294	5.456039e+03
295	5.459618e+03
296	5.461500e+03
297	5.459079e+03
298	5.460816e+03
299	5.451961e+03
300	5.451092e+03
301	5.464013e+03
302	5.440947e+03
303	5458
304	5.459711e+03
305	5.466184e+03
306	5.457579e+03
307	5.450895e+03
308	5.506434e+03
309	5.422355e+03
310	5.418184e+03
311	5.413487e+03
312	5.519039e+03
313	5.459895e+03
314	5.469789e+03
315	5.461211e+03
316	5.451566e+03
317	5.451737e+03
318	5.453882e+03
319	5.450974e+03
320	5.445645e+03
321	5.443039e+03
322	5.442053e+03
323	5.442263e+03
324	5.443355e+03
325	5.427947e+03
326	5.396513e+03
327	5.423289e+03
328	5.417382e+03
329	5.411776e+03
330	5.398316e+03
331	5.387224e+03
332	5.392882e+03
333	5.395132e+03
334	5.371329e+03
335	5.364908e+03
336	5.359500e+03
337	5.348105e+03
338	5.327342e+03
339	5.319566e+03
340	5.321921e+03
341	5.322566e+03
342	5.299276e+03
343	5.310421e+03
344	5.266711e+03
345	5.284250e+03
346	5.266447e+03
347	5.262092e+03
348	5.228434e+03
349	5.221237e+03
350	5.228987e+03
351	5.208487e+03
352	5.194118e+03
353	5.186842e+03
354	5.167368e+03
355	5.166618e+03
356	5.152526e+03
357	5.164934e+03
358	5.144026e+03
359	5.129789e+03
360	5.120395e+03
361	5.108592e+03
362	5.104066e+03
363	5.091132e+03
364	5.092289e+03
365	5.057158e+03
366	5.058684e+03
367	5.046342e+03
368	5.050763e+03
369	5.048605e+03
370	5.026276e+03
371	5.027882e+03
372	4.997618e+03
373	5.008329e+03
374	4.998776e+03
375	4.995171e+03
376	4.970487e+03
377	4.945184e+03
378	4.964079e+03
379	4.928105e+03
380	4.905434e+03
381	4.897908e+03
382	4.871092e+03
383	4.867158e+03
384	4.823303e+03
385	4.817237e+03
386	4.788895e+03
387	4.779816e+03
388	4.749658e+03
389	4.724658e+03
390	4.696184e+03
391	4.674882e+03
392	4.633316e+03
393	4.607658e+03
394	4576
395	4.540803e+03
396	4.513487e+03
397	4.480526e+03
398	4.447395e+03
399	4.418618e+03
400	4.379961e+03
401	4.357237e+03
402	4.330105e+03
403	4.296171e+03
404	4.284579e+03
405	4.257987e+03
406	4.234289e+03
407	3.974211e+03
408	NaN
409	NaN
410	NaN
411	NaN
412	NaN
413	NaN
414	NaN
415	NaN
416	NaN
417	NaN
418	NaN
419	NaN
420	NaN
421	NaN
422	NaN
423	NaN
424	NaN
425	3.596763e+03
426	3.827618e+03
427	3.805355e+03
428	3.805092e+03
429	3.787526e+03
430	3.762868e+03
431	3.758645e+03
432	3.751395e+03
433	3.722368e+03
434	3.710487e+03
435	3.694658e+03
436	3.678605e+03
437	3.661342e+03
438	3.651303e+03
439	3.636211e+03
440	3.624987e+03
441	3.613395e+03
442	3.588079e+03
443	3.580434e+03
444	3.574711e+03
445	3.547408e+03
446	3.534250e+03
447	3.510750e+03
448	3.518789e+03
449	3.486395e+03
450	3.483395e+03
451	3.474605e+03
452	3.480605e+03
453	3.453197e+03
454	3.436408e+03
455	3.415526e+03
456	3.406500e+03
457	3.387513e+03
458	3.376329e+03
459	3.370987e+03
460	3.343513e+03
461	3.324026e+03
462	3.309342e+03
463	3.307658e+03
464	3.286184e+03
465	3.279289e+03
466	3.252342e+03
467	3.259934e+03
468	3.236092e+03
469	3.213316e+03
470	3.207750e+03
471	3.194447e+03
472	3.173711e+03
473	3.166421e+03
474	3.147158e+03
475	3.135329e+03
476	3.132592e+03
477	3.108434e+03
478	3.091066e+03
479	3.102145e+03
480	3.074539e+03
481	3.071461e+03
482	3.063474e+03
483	3.054547e+03
484	3.040816e+03
485	3.031592e+03
486	3.014342e+03
487	3.022184e+03
488	2.998421e+03
489	2.986013e+03
490	2.986605e+03
491	2.982237e+03
492	2.952526e+03
493	2.955382e+03
494	2.933908e+03
495	2.927211e+03
496	2.907737e+03
497	2.904697e+03
498	2.903842e+03
499	2.896908e+03
500	2.863500e+03
501	2.867684e+03
502	2.858092e+03
503	2.832500e+03
504	2.831197e+03
505	2.835645e+03
506	2.824382e+03
507	2.810658e+03
508	2.807842e+03
509	2.802303e+03
510	2.782039e+03
511	2.792895e+03
512	2.786934e+03
513	2.774039e+03
514	2.752776e+03
515	2.753421e+03
516	2.758289e+03
517	2.743184e+03
518	2.740171e+03
519	2.735737e+03
520	2.750605e+03
521	2.714816e+03
522	2.712316e+03
523	2.709697e+03
524	2.733803e+03
525	2.706329e+03
526	2.703447e+03
527	2.704382e+03
528	2.691158e+03
529	2.691237e+03
530	2.695447e+03
531	2.692013e+03
532	2.694789e+03
533	2.692434e+03
534	2.698868e+03
535	2.697974e+03
536	2.688947e+03
537	2.694961e+03
538	2.696276e+03
539	2.702250e+03
540	2.687487e+03
541	2.698316e+03
542	2.704618e+03
543	2.712973e+03
544	2.710763e+03
545	2.718224e+03
546	2.724627e+03
547	2.721737e+03
548	2.728737e+03
549	2.742105e+03
550	2.729671e+03
551	2.760105e+03
552	2.757658e+03
553	2.777289e+03
554	2.763921e+03
555	2.781197e+03
556	2.801882e+03
557	2.793132e+03
558	2.808908e+03
559	2.802566e+03
560	2.815434e+03
561	2.820605e+03
562	2.828513e+03
563	2.831645e+03
564	2.849961e+03
565	2.848066e+03
566	2.885882e+03
567	2.891184e+03
568	2.894974e+03
569	2.902776e+03
570	2.902158e+03
571	2.930434e+03
572	2.946842e+03
573	2.950158e+03
574	2.974145e+03
575	2.984461e+03
576	2.985447e+03
577	3.005289e+03
578	3.018921e+03
579	3.040487e+03
580	3.039211e+03
581	3.043132e+03
582	3.052013e+03
583	3.068671e+03
584	3.061500e+03
585	3.065513e+03
586	3.055513e+03
587	3.045211e+03
588	3.051171e+03
589	3.038105e+03
590	3.037513e+03
591	3.034368e+03
592	3.027395e+03
593	3.003895e+03
594	2.995789e+03
595	2.976184e+03
596	2.953184e+03
597	2.935961e+03
598	2.920158e+03
599	2.889737e+03
600	2.883079e+03
601	2.848566e+03
602	2.836513e+03
603	2.815197e+03
604	2.781132e+03
605	2.754487e+03
606	2.735605e+03
607	2.720145e+03
608	2.686421e+03
609	2.669105e+03
610	2.653776e+03
611	2.637250e+03
612	2625
613	2.602763e+03
614	2.587053e+03
615	2.568276e+03
616	2.556237e+03
617	2.558145e+03
618	2.521421e+03
619	2.395434e+03
620	NaN
621	NaN
622	NaN
623	NaN
624	NaN
625	NaN
626	NaN
627	NaN
628	NaN
629	NaN
630	NaN
631	NaN
632	NaN
633	NaN
634	NaN
635	NaN
636	NaN
637	2.335579e+03
638	2.443289e+03
639	2.446434e+03
640	2.442776e+03
641	2.376803e+03
642	2.454842e+03
643	2.458382e+03
644	2.467171e+03
645	2.501184e+03
646	2.499632e+03
647	2.527908e+03
648	2.558368e+03
649	2.575158e+03
650	2.590237e+03
651	2.600645e+03
652	2.592776e+03
653	2.595868e+03
654	2.583539e+03
655	2.572934e+03
656	2.570566e+03
657	2.555566e+03
658	2.538395e+03
659	2.517382e+03
660	2.502724e+03
661	2.483987e+03
662	2.457671e+03
663	2.458368e+03
664	2.447447e+03
665	2.424645e+03
666	2.417197e+03
667	2.415355e+03
668	2.418697e+03
669	2.411697e+03
670	2.406079e+03
671	2.406132e+03
672	2.405092e+03
673	2.401553e+03
674	2.387276e+03
675	2.396776e+03
676	2.400974e+03
677	2.387553e+03
678	2.387579e+03
679	2.392026e+03
680	2.388592e+03
681	2.394079e+03
682	2.382250e+03
683	2.387118e+03
684	2.397132e+03
685	2.387132e+03
686	2.386829e+03
687	2.382132e+03
688	2.396329e+03
689	2.402039e+03
690	2.382908e+03
691	2.395987e+03
692	2.400250e+03
693	2.400421e+03
694	2.397039e+03
695	2.405895e+03
696	2.401513e+03
697	2.409711e+03
698	2.413118e+03
699	2.412789e+03
700	2.417303e+03
701	2.409816e+03
702	2.428605e+03
703	2.423737e+03
704	2.419816e+03
705	2.431224e+03
706	2.422895e+03
707	2.434579e+03
708	2.438066e+03
709	2.441395e+03
710	2.457197e+03
711	2.441908e+03
712	2.463803e+03
713	2.440974e+03
714	2.449539e+03
715	2.460908e+03
716	2.456921e+03
717	2.471184e+03
718	2.487421e+03
719	2.486237e+03
720	2.492803e+03
721	2.496632e+03
722	2.507395e+03
723	2.523145e+03
724	2.532711e+03
725	2.541355e+03
726	2.553789e+03
727	2.571684e+03
728	2.580566e+03
729	2.605987e+03
730	2.619697e+03
731	2.637684e+03
732	2.683395e+03
733	2.675684e+03
734	2.701289e+03
735	2.727737e+03
736	2.800408e+03
737	2.814224e+03
738	2.853276e+03
739	2.898539e+03
740	2.949513e+03
741	3.015408e+03
742	3.065960e+03
743	3161
744	3.250132e+03
745	3.347526e+03
746	3.461737e+03
747	3.589303e+03
748	3.739303e+03
749	3.930118e+03
750	4.144053e+03
751	4.415132e+03
752	4.729632e+03
753	5.118461e+03
754	5.566132e+03
755	6.110711e+03
756	6.702934e+03
757	7.338947e+03
758	8.023842e+03
759	8.706184e+03
760	9.321961e+03
761	9.923197e+03
762	1.046683e+04
763	1.094030e+04
764	1.138395e+04
765	1.180629e+04
766	1.222429e+04
767	1.262667e+04
768	1.305603e+04
769	1.352188e+04
770	1.393720e+04
771	1.433316e+04
772	1.465676e+04
773	1.482538e+04
774	1.486928e+04
775	1.482289e+04
776	1.434588e+04
777	1.377853e+04
778	1.305966e+04
779	1.220693e+04
780	1.129482e+04
781	1.034096e+04
782	9.424934e+03
783	8.511750e+03
784	7.675882e+03
785	6.956855e+03
786	6.314684e+03
787	5.779447e+03
788	5.301618e+03
789	4.954579e+03
790	4637
791	4.416500e+03
792	4.230974e+03
793	4.103553e+03
794	4.023842e+03
795	3.969961e+03
796	3.975750e+03
797	3.986882e+03
798	4.002513e+03
799	4.026868e+03
800	4.092276e+03
801	4.188408e+03
802	4.347947e+03
803	4.599500e+03
804	5.008355e+03
805	5.600921e+03
806	6.377697e+03
807	7.303855e+03
808	8.209447e+03
809	8.935934e+03
810	9.342737e+03
811	9.431974e+03
812	9.214947e+03
813	8.762842e+03
814	8.194171e+03
815	7.692566e+03
816	7.247579e+03
817	6.946026e+03
818	6.764461e+03
819	6.738579e+03
820	6.803289e+03
821	6.995434e+03
822	7.255184e+03
823	7.595934e+03
824	8.033553e+03
825	8.536316e+03
826	9.127368e+03
827	9.798579e+03
828	1.060853e+04
829	1.147895e+04
830	1.244168e+04
831	1.281317e+04
832	NaN
833	NaN
834	NaN
835	NaN
836	NaN
837	NaN
838	NaN
839	NaN
840	NaN
841	NaN
842	NaN
843	NaN
844	NaN
845	NaN
846	NaN
847	NaN
848	NaN
849	1.834867e+04
850	1.855586e+04
851	1.784543e+04
852	1.711892e+04
853	1.640682e+04
854	1.578796e+04
855	1.516054e+04
856	1.466491e+04
857	1.419366e+04
858	1.371482e+04
859	1.334872e+04
860	1.301653e+04
861	1.270401e+04
862	1.244886e+04
863	1.217987e+04
864	1.197411e+04
865	1.178064e+04
866	1.166217e+04
867	1.150855e+04
868	1.143180e+04
869	1.136112e+04
870	1.131670e+04
871	1.127472e+04
872	1.129893e+04
873	1.130720e+04
874	1.133811e+04
875	1.142017e+04
876	1.145289e+04
877	1.155387e+04
878	1.165036e+04
879	1.176795e+04
880	1.191516e+04
881	1.207617e+04
882	1.221684e+04
883	1.244078e+04
884	1.265817e+04
885	1.290422e+04
886	1.318011e+04
887	1.339507e+04
888	1.369597e+04
889	1.397411e+04
890	1.431992e+04
891	1.469526e+04
892	1.509884e+04
893	1.555154e+04
894	1.604142e+04
895	1.643774e+04
896	1.697754e+04
897	1.762318e+04
898	1.813418e+04
899	1.879783e+04
900	1.953963e+04
901	2.023438e+04
902	2.107795e+04
903	2.188274e+04
904	2.274443e+04
905	2.387288e+04
906	2.482878e+04
907	2.596266e+04
908	2.742505e+04
909	2.836442e+04
910	3.012667e+04
911	3.169388e+04
912	3.283576e+04
913	3.520880e+04
914	3.664150e+04
915	3.850062e+04
916	4.138492e+04
917	2.824591e+04
918	8.294408e+03
919	7.592947e+03
920	7.354026e+03
921	7.271158e+03
922	6.959605e+03
923	6.483158e+03
924	6.546842e+03
925	6.555947e+03
926	6.606303e+03
927	6.648908e+03
928	6.710961e+03
929	6.721197e+03
930	6.802211e+03
931	6.846066e+03
932	6.907750e+03
933	7.009855e+03
934	7.092079e+03
935	7.138461e+03
936	7.314697e+03
937	7.449645e+03
938	7613
939	7.781829e+03
940	8.014500e+03
941	8.283487e+03
942	8751
943	9.315224e+03
944	9.993171e+03
945	1.008980e+04
946	1.046322e+04
947	1.083380e+04
948	1.183747e+04
949	1.269203e+04
950	1.391601e+04
951	1.531447e+04
952	1.806758e+04
953	2.187968e+04
954	3.006467e+04
955	2.987050e+04
956	2.293153e+04
957	2.333574e+04
958	2.505195e+04
959	2.832599e+04
960	3.144188e+04
961	3.587324e+04
962	4.256574e+04
963	5.014780e+04
964	5.773811e+04
965	6.257750e+04
966	5.987893e+04
967	2.605672e+04
968	6.829342e+02
969	6.502895e+02
970	6.466842e+02
971	6.404605e+02
972	6.296184e+02
973	6.281447e+02
974	6.265132e+02
975	6.156579e+02
976	6.115263e+02
977	6.060526e+02
978	5.975526e+02
979	5.948816e+02
980	5.852368e+02
981	5.819342e+02
982	5.743947e+02
983	567
984	5.591711e+02
985	5.576053e+02
986	5.526579e+02
987	5.577632e+02
988	5.481184e+02
989	5.508553e+02
990	5.446316e+02
991	5.405526e+02
992	5.366711e+02
993	5.339868e+02
994	5.344079e+02
995	527
996	5.268158e+02
997	5.193421e+02
998	5.153158e+02
999	5.133289e+02
1000	5.170526e+02
