#qz(nm-1)	#refl	#err_refl	#twotheta(deg)	#m4pitch(deg)	#pos_y_beam(pix)	#bckg_refl_up	#bckg_refl_down	#bckg_refl_left	#bckg_refl_right	#bckg_refl
1.7463092e-01	9.5575604e-01	6.9734498e-04	1.9746303e-01	-4.9365757e-02	5.4000000e+01	5.0046303e-03	1.1729576e-02	2.0333694e-05	3.7702057e-05	8.3671031e-03
1.8515328e-01	9.7631107e-01	6.6261147e-04	2.0936115e-01	-5.2340287e-02	5.5000000e+01	4.5636723e-03	6.6582318e-03	1.5082685e-05	4.0800596e-05	5.6109521e-03
1.9655250e-01	9.6058910e-01	6.3618253e-04	2.2225078e-01	-5.5562695e-02	5.5000000e+01	2.5629004e-03	1.1110630e-02	1.4365027e-05	3.5553442e-05	6.8367654e-03
2.0673760e-01	9.3854988e-01	6.2326652e-04	2.3376755e-01	-5.8441887e-02	5.6000000e+01	1.0166690e-02	7.7343844e-03	1.5502158e-05	3.5263151e-05	8.9505372e-03
2.1618074e-01	8.3708029e-01	5.7051504e-04	2.4444535e-01	-6.1111337e-02	5.6000000e+01	1.0987741e-02	3.4440109e-03	1.5116718e-05	3.1046163e-05	7.2158759e-03
2.2609604e-01	3.2826393e-01	3.6221990e-04	2.5565704e-01	-6.3914260e-02	5.6000000e+01	8.5882622e-03	3.4381286e-03	7.2126425e-06	2.0256783e-05	6.0131954e-03
2.3607878e-01	1.8186266e-01	2.6497680e-04	2.6694500e-01	-6.6736250e-02	5.6000000e+01	4.2190738e-03	3.5580221e-03	4.9052288e-06	1.1541715e-05	3.8885480e-03
2.4545446e-01	1.2991767e-01	2.1481648e-04	2.7754653e-01	-6.9386633e-02	5.6000000e+01	2.7771284e-03	1.8447863e-03	2.4531733e-06	6.9506576e-06	2.3109574e-03
2.5513367e-01	9.5774491e-02	1.7916445e-04	2.8849127e-01	-7.2122819e-02	5.6000000e+01	1.8219044e-03	1.4163612e-03	3.4927165e-06	6.7267133e-06	1.6191328e-03
2.6541993e-01	6.8308762e-02	1.4937374e-04	3.0012245e-01	-7.5030612e-02	5.6000000e+01	1.1507526e-03	1.5741753e-03	3.2068133e-06	5.0568979e-06	1.3624640e-03
2.6548739e-01	6.7925204e-02	1.4958288e-04	3.0019872e-01	-7.5049680e-02	5.6000000e+01	1.1788556e-03	1.6372341e-03	2.7218159e-06	4.9487561e-06	1.4080448e-03
2.8440736e-01	4.3120729e-02	1.1247163e-04	3.2159245e-01	-8.0398114e-02	5.6000000e+01	6.4538996e-04	1.3441634e-03	2.0678599e-06	3.3194593e-06	9.9477665e-04
3.0322615e-01	2.9471219e-02	8.9788755e-05	3.4287178e-01	-8.5717946e-02	5.7000000e+01	9.1964923e-04	7.4110748e-04	1.1755836e-06	2.9389589e-06	8.3037835e-04
3.2265199e-01	2.0146255e-02	7.2880579e-05	3.6483754e-01	-9.1209386e-02	5.7000000e+01	4.4911007e-04	7.1835022e-04	1.6471605e-06	1.9295309e-06	5.8373015e-04
3.4130213e-01	1.5684883e-02	6.3907976e-05	3.8592620e-01	-9.6481550e-02	5.7000000e+01	3.4464934e-04	6.6707799e-04	1.3259261e-06	2.0117499e-06	5.0586367e-04
3.6059304e-01	1.1547838e-02	5.4487547e-05	4.0773942e-01	-1.0193485e-01	5.7000000e+01	2.1094445e-04	6.1669942e-04	7.5767075e-07	1.5599104e-06	4.1382193e-04
3.7941178e-01	9.4140563e-03	4.9409616e-05	4.2901875e-01	-1.0725469e-01	5.7000000e+01	1.5588827e-04	6.3163977e-04	1.0108346e-06	1.1866319e-06	3.9376402e-04
3.9870266e-01	7.4116100e-03	4.4169800e-05	4.5083197e-01	-1.1270799e-01	5.7000000e+01	1.0443212e-04	6.2776854e-04	3.0484771e-07	1.1322915e-06	3.6610033e-04
4.1725158e-01	6.8382457e-03	4.0576480e-05	4.7180622e-01	-1.1795155e-01	5.7000000e+01	8.6367064e-05	3.1449584e-04	7.8081726e-07	1.0844684e-06	2.0043145e-04
4.3553067e-01	6.1413036e-03	3.6802664e-05	4.9247539e-01	-1.2311885e-01	5.7000000e+01	7.5464959e-05	9.8735134e-05	1.0438957e-06	9.5690438e-07	8.7100047e-05
4.5505759e-01	5.0421067e-03	3.3619812e-05	5.1455556e-01	-1.2863889e-01	5.8000000e+01	1.0737532e-04	6.7222908e-05	6.4761954e-07	9.0666735e-07	8.7299114e-05
4.7411234e-01	4.3261917e-03	3.1044507e-05	5.3610183e-01	-1.3402546e-01	5.8000000e+01	8.1986336e-05	6.0896742e-05	4.7440805e-07	3.4502403e-07	7.1441539e-05
4.9259374e-01	3.7504536e-03	2.8701827e-05	5.5699981e-01	-1.3924995e-01	5.7000000e+01	3.7736562e-05	7.5084977e-05	6.0378500e-07	7.3316750e-07	5.6410770e-05
5.1168218e-01	3.2030349e-03	2.6606115e-05	5.7858422e-01	-1.4464605e-01	5.8000000e+01	6.2928671e-05	3.8738580e-05	3.8738580e-07	5.1651440e-07	5.0833625e-05
5.3104040e-01	2.7764581e-03	2.4661845e-05	6.0047371e-01	-1.5011843e-01	5.8000000e+01	4.6774897e-05	3.4726166e-05	6.0243658e-07	4.7334303e-07	4.0750531e-05
5.3110785e-01	2.7610869e-03	2.4614209e-05	6.0054998e-01	-1.5013750e-01	5.8000000e+01	4.6468457e-05	3.5711870e-05	6.4539524e-07	6.0236889e-07	4.1090164e-05
5.7420849e-01	2.0301444e-03	2.1160565e-05	6.4928651e-01	-1.6232163e-01	5.8000000e+01	2.6860399e-05	3.3434925e-05	4.3253461e-07	2.5952077e-07	3.0147662e-05
6.1629727e-01	1.5755868e-03	1.8739632e-05	6.9687899e-01	-1.7421975e-01	5.8000000e+01	2.4772554e-05	2.2766326e-05	2.6168191e-07	4.3613651e-07	2.3769440e-05
6.5926280e-01	1.2204770e-03	1.6673229e-05	7.4546298e-01	-1.8636574e-01	5.8000000e+01	2.0448059e-05	2.1237898e-05	1.7551982e-07	4.8267949e-07	2.0842978e-05
7.0212703e-01	9.3260640e-04	1.4699341e-05	7.9393256e-01	-1.9848314e-01	5.8000000e+01	1.2755409e-05	2.1524752e-05	8.8579228e-08	3.5431691e-07	1.7140081e-05
7.4499114e-01	7.2799455e-04	1.3197702e-05	8.4240215e-01	-2.1060054e-01	5.8000000e+01	1.0211627e-05	2.0288299e-05	2.2492571e-07	1.3495543e-07	1.5249963e-05
7.8640495e-01	5.9780489e-04	8.5984331e-06	8.8923193e-01	-2.2230798e-01	5.8000000e+01	1.0475634e-05	1.5100638e-05	1.6187514e-07	2.5437522e-07	1.2788136e-05
8.2970721e-01	4.7425704e-04	7.6427743e-06	9.3819727e-01	-2.3454932e-01	5.8000000e+01	7.4538519e-06	1.4176037e-05	1.6005203e-07	1.8291661e-07	1.0814945e-05
8.7300931e-01	3.8236163e-04	4.8632989e-06	9.8716261e-01	-2.4679065e-01	5.8000000e+01	5.0297265e-06	1.4087786e-05	1.4793313e-07	1.2517419e-07	9.5587563e-06
9.1536698e-01	3.1132362e-04	4.5426002e-06	1.0350602e+00	-2.5876504e-01	5.8000000e+01	4.9929883e-06	1.1990373e-05	1.2002376e-07	8.4016630e-08	8.4916808e-06
9.5758959e-01	2.5327765e-04	4.2739029e-06	1.0828052e+00	-2.7070130e-01	5.8000000e+01	5.1853932e-06	1.0153128e-05	1.1523096e-07	5.1213760e-08	7.6692606e-06
1.0005540e+00	2.0768154e-04	2.7105636e-06	1.1313892e+00	-2.8284729e-01	5.8000000e+01	3.8213909e-06	8.4449580e-06	1.3895967e-07	1.1369427e-07	6.1331744e-06
1.0434507e+00	1.6981983e-04	2.4678723e-06	1.1798969e+00	-2.9497422e-01	5.8000000e+01	3.2307793e-06	7.0860484e-06	8.2840494e-08	5.7351111e-08	5.1584138e-06
1.0861112e+00	1.3806486e-04	2.2805826e-06	1.2281377e+00	-3.0703442e-01	5.8000000e+01	3.2834203e-06	5.8430406e-06	2.6320002e-08	9.8700009e-08	4.5632304e-06
1.1285692e+00	1.1200205e-04	1.4759975e-06	1.2761496e+00	-3.1903741e-01	5.8000000e+01	2.7333722e-06	4.6789899e-06	4.7536908e-08	6.1118881e-08	3.7061810e-06
1.1712630e+00	9.0550814e-05	1.3462922e-06	1.3244285e+00	-3.3110714e-01	5.8000000e+01	2.4079244e-06	3.7456602e-06	4.8644938e-08	9.3815237e-08	3.0767923e-06
1.2142264e+00	7.3823323e-05	1.2271075e-06	1.3730125e+00	-3.4325313e-01	5.8000000e+01	2.0946775e-06	3.1209289e-06	5.9747512e-08	6.3262072e-08	2.6078032e-06
1.2571896e+00	5.8847075e-05	7.7403032e-07	1.4215965e+00	-3.5539913e-01	5.8000000e+01	1.5332462e-06	2.7111854e-06	6.6510681e-08	6.3010119e-08	2.1222158e-06
1.2990734e+00	4.7560042e-05	7.2538161e-07	1.4689602e+00	-3.6724005e-01	5.8000000e+01	1.5843264e-06	1.9057291e-06	4.5374503e-08	4.7265107e-08	1.7450278e-06
1.3418338e+00	3.7707188e-05	4.5898245e-07	1.5173154e+00	-3.7932884e-01	5.8000000e+01	1.2972254e-06	1.5824445e-06	5.3064006e-08	5.1168863e-08	1.4398349e-06
1.3853358e+00	2.9671435e-05	4.0893231e-07	1.5665095e+00	-3.9162738e-01	5.8000000e+01	9.2260346e-07	1.5705890e-06	3.5737953e-08	3.6678425e-08	1.2465962e-06
1.4281632e+00	2.3073732e-05	3.7059483e-07	1.6149410e+00	-4.0373525e-01	5.8000000e+01	7.7782154e-07	1.2405761e-06	4.3321706e-08	4.2337122e-08	1.0091988e-06
1.4699786e+00	1.8085567e-05	2.4098030e-07	1.6622284e+00	-4.1555709e-01	5.8000000e+01	6.9731980e-07	8.4754454e-07	4.5813218e-08	3.3560846e-08	7.7243217e-07
1.5124682e+00	1.4004950e-05	2.2648862e-07	1.7102785e+00	-4.2756962e-01	5.8000000e+01	5.8127756e-07	6.9225419e-07	4.4390650e-08	4.3790776e-08	6.3676587e-07
1.5557669e+00	1.0291803e-05	1.4776418e-07	1.7592438e+00	-4.3981096e-01	5.8000000e+01	4.2594383e-07	5.4493219e-07	3.8628105e-08	4.6905556e-08	4.8543801e-07
1.5985257e+00	7.5849344e-06	1.0477195e-07	1.8075990e+00	-4.5189975e-01	5.8000000e+01	3.3171545e-07	4.5351361e-07	3.5293786e-08	4.1522101e-08	3.9261453e-07
1.6406773e+00	5.4766642e-06	1.0992732e-07	1.8552677e+00	-4.6381694e-01	5.8000000e+01	2.7904577e-07	3.1657621e-07	3.6487928e-08	3.7530440e-08	2.9781099e-07
1.6835705e+00	3.8516510e-06	5.4341210e-08	1.9037755e+00	-4.7594387e-01	5.8000000e+01	1.9692346e-07	2.4325839e-07	3.4870619e-08	3.8094957e-08	2.2009093e-07
1.7263284e+00	2.6170100e-06	3.7277623e-08	1.9521307e+00	-4.8803266e-01	5.8000000e+01	1.5692162e-07	1.7808592e-07	3.6534571e-08	3.6856462e-08	1.6750377e-07
1.7698280e+00	1.6582545e-06	2.3730223e-08	2.0013248e+00	-5.0033120e-01	5.9000000e+01	1.2582648e-07	1.0881205e-07	3.4631142e-08	3.5484373e-08	1.1731927e-07
1.7698617e+00	1.6542944e-06	2.3633002e-08	2.0013629e+00	-5.0034073e-01	5.9000000e+01	1.2828412e-07	1.0007910e-07	3.5359272e-08	3.4937252e-08	1.1418161e-07
1.8384149e+00	6.7833470e-07	1.4488622e-08	2.0788914e+00	-5.1972285e-01	5.8000000e+01	7.3517304e-08	7.2656978e-08	3.5362651e-08	3.3974766e-08	7.3087141e-08
1.9089567e+00	1.9153347e-07	7.5880350e-09	2.1586698e+00	-5.3966745e-01	5.9000000e+01	4.8754830e-08	4.2124079e-08	3.3482941e-08	3.3723952e-08	4.5439454e-08
1.9789918e+00	5.1261756e-08	6.4581081e-09	2.2378762e+00	-5.5946905e-01	5.9000000e+01	3.6744037e-08	3.7447979e-08	3.3728384e-08	3.3485046e-08	3.7096008e-08
2.0481493e+00	1.1586685e-07	9.1134945e-09	2.3160911e+00	-5.7902277e-01	5.9000000e+01	3.8610759e-08	4.4373559e-08	3.2882536e-08	3.2894062e-08	4.1492159e-08
2.1182163e+00	3.1130401e-07	1.3648660e-08	2.3953356e+00	-5.9883390e-01	5.9000000e+01	4.5244012e-08	6.0933251e-08	3.3027861e-08	3.3671522e-08	5.3088632e-08
2.1872369e+00	5.5901695e-07	2.2529313e-08	2.4733980e+00	-6.1834949e-01	5.9000000e+01	6.4501956e-08	7.9914127e-08	3.2419478e-08	3.3048547e-08	7.2208041e-08
2.2578750e+00	8.1825094e-07	3.1349758e-08	2.5532908e+00	-6.3832270e-01	5.9000000e+01	8.1993595e-08	1.0564559e-07	3.1721504e-08	3.2370775e-08	9.3819594e-08
2.3271296e+00	1.0661966e-06	3.3135788e-08	2.6316201e+00	-6.5790502e-01	5.9000000e+01	9.9620540e-08	1.3022311e-07	3.2224609e-08	3.1819098e-08	1.1492182e-07
2.3970237e+00	1.2771460e-06	5.1144743e-08	2.7106739e+00	-6.7766848e-01	5.9000000e+01	1.1735893e-07	1.5744714e-07	3.3684864e-08	3.0725331e-08	1.3740304e-07
2.4677258e+00	1.4179091e-06	5.5292763e-08	2.7906430e+00	-6.9766076e-01	5.9000000e+01	1.3176778e-07	1.8112449e-07	3.2154937e-08	3.1592788e-08	1.5644614e-07
2.5366399e+00	1.5169457e-06	5.5340430e-08	2.8685910e+00	-7.1714774e-01	5.9000000e+01	1.5167898e-07	1.9556552e-07	3.1094970e-08	3.0522989e-08	1.7362225e-07
2.6071036e+00	1.5470735e-06	9.7493072e-08	2.9482931e+00	-7.3707328e-01	5.9000000e+01	1.5929402e-07	2.1910676e-07	3.2385653e-08	2.9441503e-08	1.8920039e-07
2.6766221e+00	1.5792906e-06	6.5928191e-08	3.0269275e+00	-7.5673187e-01	5.9000000e+01	1.7217467e-07	2.2126893e-07	3.1994012e-08	3.0752865e-08	1.9672180e-07
2.7462068e+00	1.5166800e-06	1.0988390e-07	3.1056381e+00	-7.7640953e-01	5.9000000e+01	1.9186459e-07	2.4353505e-07	2.8114811e-08	2.9634530e-08	2.1769982e-07
2.8167004e+00	1.5253618e-06	8.8182389e-08	3.1853784e+00	-7.9634460e-01	6.0000000e+01	2.0530936e-07	1.9185676e-07	3.1557042e-08	2.8539636e-08	1.9858306e-07
2.8853047e+00	1.3699228e-06	9.7465394e-08	3.2629831e+00	-8.1574578e-01	5.9000000e+01	1.8583412e-07	2.3833146e-07	2.8825224e-08	3.0918676e-08	2.1208279e-07
2.9558968e+00	1.3042769e-06	1.3137355e-07	3.3428378e+00	-8.3570946e-01	6.0000000e+01	1.9560968e-07	1.6884875e-07	3.2176837e-08	2.3575108e-08	1.8222922e-07
3.0254423e+00	1.1618203e-06	8.7396366e-08	3.4215103e+00	-8.5537758e-01	5.9000000e+01	1.5517925e-07	2.2384794e-07	2.9236671e-08	3.0436124e-08	1.8951360e-07
3.0952561e+00	9.8271858e-07	2.1263540e-07	3.5004879e+00	-8.7512198e-01	6.0000000e+01	1.9861884e-07	1.7391500e-07	2.6680143e-08	3.0632756e-08	1.8626692e-07
3.0953404e+00	1.0312686e-06	2.1238070e-07	3.5005833e+00	-8.7514581e-01	6.0000000e+01	1.7532394e-07	1.6374594e-07	2.5140791e-08	3.8372786e-08	1.6953494e-07
3.2433738e+00	7.6405037e-07	2.3046261e-07	3.6680531e+00	-9.1701328e-01	6.0000000e+01	1.4637900e-07	1.7037555e-07	3.0235662e-08	3.8394491e-08	1.5837728e-07
3.3914508e+00	5.5500355e-07	1.2943725e-07	3.8355802e+00	-9.5889504e-01	6.0000000e+01	1.1599523e-07	1.2639199e-07	3.2821146e-08	2.5482256e-08	1.2119361e-07
3.5383577e+00	3.5563338e-07	9.2573422e-08	4.0017916e+00	-1.0004479e+00	6.0000000e+01	9.4214375e-08	9.8503570e-08	3.1651297e-08	3.1651297e-08	9.6358973e-08
3.6859650e+00	2.1430365e-07	7.3465512e-08	4.1688038e+00	-1.0422009e+00	6.0000000e+01	7.1942818e-08	7.3606235e-08	2.9941520e-08	2.8416720e-08	7.2774527e-08
3.8328567e+00	1.2256286e-07	6.4503246e-08	4.3350152e+00	-1.0837538e+00	6.0000000e+01	5.7898759e-08	5.6954757e-08	2.5645374e-08	2.7848044e-08	5.7426758e-08
3.9803975e+00	6.1036428e-08	5.6542759e-08	4.5019702e+00	-1.1254926e+00	6.1000000e+01	3.9166698e-08	4.0757224e-08	3.3401042e-08	2.7834202e-08	3.9961961e-08
4.1277276e+00	2.5541122e-08	5.5150636e-08	4.6686964e+00	-1.1671741e+00	6.1000000e+01	3.8449001e-08	3.0209929e-08	2.5541122e-08	3.0759201e-08	3.4329465e-08
4.2753186e+00	9.6069666e-09	5.7039622e-08	4.8357277e+00	-1.2089319e+00	6.1000000e+01	3.3722413e-08	2.6272113e-08	2.8624839e-08	2.7056355e-08	2.9997263e-08
4.4222940e+00	-2.8244195e-09	6.0253397e-08	5.0020726e+00	-1.2505182e+00	6.0000000e+01	3.1068614e-08	2.5419775e-08	3.0503731e-08	3.2198382e-08	2.8244195e-08
