#twotheta(deg)	#qz(nm-1)	#m4pitch(deg)	#pos_y_beam(pix)	#bckg_refl_up	#bckg_refl_down	#bckg_refl_left	#bckg_refl_right	#bckg_refl	#err_refl	#refl
1.9511368e-01	1.7258105e-01	-7.9778420e-02	1.3000000e+02	4.6835589e-03	3.9173761e-03	1.3959135e-05	8.5873724e-06	4.3004675e-03	1.5343801e-04	1.0089961e+00
2.1181681e-01	1.8735521e-01	-8.3954202e-02	1.2900000e+02	1.0602639e-02	1.6320912e-03	1.3351650e-05	8.2095483e-06	6.1173651e-03	1.5186396e-04	9.7645894e-01
2.2562168e-01	1.9956582e-01	-8.7405420e-02	1.2900000e+02	7.1061381e-03	2.0835368e-03	1.3140982e-05	8.1146304e-06	4.5948375e-03	1.5073643e-04	9.7424698e-01
2.3996044e-01	2.1224865e-01	-9.0990110e-02	1.2900000e+02	6.5306056e-03	2.0187700e-03	1.2558514e-05	7.7524673e-06	4.2746878e-03	1.4758354e-04	9.3570076e-01
2.5474989e-01	2.2533012e-01	-9.4687472e-02	1.2800000e+02	1.3499083e-03	4.1883141e-03	4.6835248e-06	3.2879572e-06	2.7691112e-03	8.5518806e-05	2.9646406e-01
2.6909558e-01	2.3801908e-01	-9.8273895e-02	1.2800000e+02	9.4066496e-04	1.7922502e-03	3.0124484e-06	2.0356396e-06	1.3664576e-03	6.3518674e-05	1.6434054e-01
2.8365622e-01	2.5089815e-01	-1.0191405e-01	1.2800000e+02	7.8316819e-04	9.2756088e-04	2.4237465e-06	1.5034308e-06	8.5536454e-04	5.0785903e-05	1.0512444e-01
2.9789097e-01	2.6348898e-01	-1.0547274e-01	1.2800000e+02	5.3287283e-04	6.2903994e-04	1.8671414e-06	1.2603205e-06	5.8095639e-04	4.2574533e-05	7.3943594e-02
3.1218813e-01	2.7613500e-01	-1.0904703e-01	1.2800000e+02	3.9040865e-04	4.2344320e-04	1.6327378e-06	1.0239519e-06	4.0692592e-04	3.6351838e-05	5.4280726e-02
3.2751840e-01	2.8969481e-01	-1.1287960e-01	1.2800000e+02	6.9921030e-04	2.3372045e-04	1.4819756e-06	8.9329678e-07	4.6646538e-04	3.1430945e-05	3.8877537e-02
3.4162835e-01	3.0217523e-01	-1.1640709e-01	1.2800000e+02	4.2591050e-04	1.7673069e-04	1.3016493e-06	7.8547803e-07	3.0132059e-04	2.7660089e-05	3.0633183e-02
3.5619592e-01	3.1506042e-01	-1.2004898e-01	1.2800000e+02	3.9983932e-04	1.2959426e-04	1.1973698e-06	7.4905661e-07	2.6471679e-04	2.4652892e-05	2.4162905e-02
3.5627912e-01	3.1513401e-01	-1.2006978e-01	1.2800000e+02	4.2141934e-04	1.2903904e-04	1.1576323e-06	7.0749396e-07	2.7522919e-04	2.4667357e-05	2.4051352e-02
5.2656923e-01	4.6575718e-01	-1.6264231e-01	1.2700000e+02	6.0685669e-05	2.3079213e-05	5.7323153e-07	2.8376859e-07	4.1882441e-05	9.6689374e-06	3.6325991e-03
6.9568062e-01	6.1533674e-01	-2.0492016e-01	1.2700000e+02	1.1375028e-05	8.2973063e-06	3.1452580e-07	1.5726290e-07	9.8361672e-06	5.3193114e-06	1.1046879e-03
8.6537444e-01	7.6543011e-01	-2.4734361e-01	1.2700000e+02	6.5292929e-06	3.5476524e-06	1.7028731e-07	7.0630534e-08	5.0384727e-06	1.9445063e-06	4.3032201e-04
1.0341391e+00	9.1470002e-01	-2.8953479e-01	1.2700000e+02	2.0634280e-06	1.7401593e-06	1.1099462e-07	4.4579650e-08	1.9017936e-06	3.2100786e-07	2.0399061e-04
1.2012953e+00	1.0625452e+00	-3.3132381e-01	1.2800000e+02	1.3625010e-06	1.1084530e-06	7.4490532e-08	3.0615786e-08	1.2354770e-06	2.3999150e-07	1.0728907e-04
1.3706285e+00	1.2123137e+00	-3.7365713e-01	1.2800000e+02	8.2506115e-07	8.2150414e-07	5.8825962e-08	2.3505423e-08	8.2328264e-07	1.8712153e-07	6.0639530e-05
1.5396775e+00	1.3618281e+00	-4.1591938e-01	1.2800000e+02	5.4958827e-07	6.3229993e-07	5.0105497e-08	1.8820892e-08	5.9094410e-07	1.5304112e-07	3.6219803e-05
1.7089900e+00	1.5115726e+00	-4.5824749e-01	1.2800000e+02	3.8639406e-07	4.3817517e-07	4.5190979e-08	1.5962314e-08	4.1228462e-07	4.7439521e-08	2.2713511e-05
1.8772763e+00	1.6604063e+00	-5.0031907e-01	1.2900000e+02	4.3194801e-07	2.7851522e-07	4.0773884e-08	1.5633998e-08	3.5523162e-07	6.7847207e-08	1.4703738e-05
1.8773387e+00	1.6604615e+00	-5.0033467e-01	1.2900000e+02	4.2069040e-07	2.8031776e-07	4.2382972e-08	1.4703270e-08	3.5050408e-07	6.7872239e-08	1.4713524e-05
2.0556649e+00	1.8181706e+00	-5.4491622e-01	1.2800000e+02	2.3984455e-07	2.6739313e-07	3.9496779e-08	1.3980616e-08	2.5361884e-07	6.7349177e-08	9.7061040e-06
2.2329025e+00	1.9749126e+00	-5.8922562e-01	1.2800000e+02	1.8696575e-07	2.2981430e-07	3.7484837e-08	1.3967037e-08	2.0839002e-07	8.8467036e-08	6.5290701e-06
2.4109791e+00	2.1323918e+00	-6.3374476e-01	1.2900000e+02	2.0358209e-07	1.5090163e-07	3.8059638e-08	1.3852798e-08	1.7724186e-07	1.0174412e-07	4.4559360e-06
2.5887159e+00	2.2895654e+00	-6.7817897e-01	1.2900000e+02	1.6480178e-07	1.3717197e-07	3.5446495e-08	1.1670745e-08	1.5098687e-07	1.2043112e-07	3.1465686e-06
2.7653087e+00	2.4457219e+00	-7.2232717e-01	1.2900000e+02	1.2171562e-07	1.3448730e-07	3.7084026e-08	1.3002490e-08	1.2810146e-07	1.2353774e-07	2.2475074e-06
2.9434546e+00	2.6032459e+00	-7.6686365e-01	1.2900000e+02	9.0036516e-08	1.1097524e-07	3.4548896e-08	1.2563235e-08	1.0050588e-07	2.2661127e-07	1.6395021e-06
3.1216421e+00	2.7608003e+00	-8.1141053e-01	1.2900000e+02	9.0343517e-08	9.6132118e-08	3.5558547e-08	1.4058030e-08	9.3237817e-08	1.5382387e-07	1.2001010e-06
3.3001763e+00	2.9186547e+00	-8.5604408e-01	1.2900000e+02	8.6674607e-08	1.0327187e-07	3.8035399e-08	1.4983642e-08	9.4973239e-08	1.4276246e-07	8.2663601e-07
3.4777953e+00	3.0756927e+00	-9.0044882e-01	1.2900000e+02	6.9931228e-08	7.2586845e-08	3.6293422e-08	1.1507671e-08	7.1259037e-08	2.4329981e-07	6.2716804e-07
3.4779062e+00	3.0757908e+00	-9.0047655e-01	1.2900000e+02	7.3880752e-08	7.4336806e-08	3.2379836e-08	1.4593729e-08	7.4108779e-08	2.4348945e-07	5.9081799e-07
3.7000877e+00	3.2722174e+00	-9.5602192e-01	1.3000000e+02	6.8383917e-08	5.7317640e-08	2.8658820e-08	1.2768781e-08	6.2850778e-08	1.6730078e-07	4.2293040e-07
3.9230665e+00	3.4693366e+00	-1.0117666e+00	1.3000000e+02	7.3645621e-08	5.1750977e-08	2.4880277e-08	1.0947322e-08	6.2698299e-08	2.8904368e-07	3.2742445e-07
4.1445754e+00	3.6651433e+00	-1.0671438e+00	1.3000000e+02	5.8732266e-08	6.3105945e-08	2.8116510e-08	1.1871415e-08	6.0919106e-08	1.9921382e-07	2.0275128e-07
4.3675611e+00	3.8622416e+00	-1.1228903e+00	1.3000000e+02	5.9806862e-08	4.4644559e-08	3.7905757e-08	9.2658518e-09	5.2225710e-08	1.9972160e-07	1.3140663e-07
4.5895623e+00	4.0584552e+00	-1.1783906e+00	1.3000000e+02	5.3905834e-08	4.5483047e-08	3.7060261e-08	1.0107344e-08	4.9694440e-08	2.5958872e-07	9.5177487e-08
4.8122221e+00	4.2552356e+00	-1.2340555e+00	1.3000000e+02	4.5751002e-08	5.4069366e-08	4.2423656e-08	1.8300401e-08	4.9910184e-08	1.6955126e-07	6.4051403e-08
5.0338350e+00	4.4510748e+00	-1.2894588e+00	1.3100000e+02	1.1038523e-08	8.0949171e-08	2.5756554e-08	2.2077047e-08	4.5993847e-08	3.3862089e-07	6.8070893e-08
5.2558986e+00	4.6472956e+00	-1.3449746e+00	1.3100000e+02	4.0127332e-08	3.2831454e-08	3.7695373e-08	1.3375777e-08	3.6479393e-08	1.6928691e-07	3.7695373e-08
5.4789537e+00	4.8443749e+00	-1.4007384e+00	1.2900000e+02	2.8671713e-08	3.3884752e-08	4.6917349e-08	7.8195582e-09	3.1278233e-08	2.0722849e-07	1.3032597e-08
