#twotheta(deg)	#qz(nm-1)	#bckg_refl_up	#bckg_refl_down	#bckg_refl_left	#bckg_refl_right	#bckg_refl	#err_refl	#refl
1.8419567e-01	1.3031811e-01	4.0818457e-02	1.1083126e-01	3.9399046e-05	3.2774427e-05	7.5824858e-02	7.0403972e-04	5.6252920e-01
2.3026365e-01	1.6291109e-01	3.5679488e-02	1.2262329e-01	4.3155874e-05	2.8481140e-05	7.9151390e-02	7.2829754e-04	6.1936299e-01
2.7625537e-01	1.9545008e-01	3.5007570e-02	1.2133896e-01	4.8010163e-05	3.0559815e-05	7.8173265e-02	7.4344013e-04	6.6256903e-01
3.2224708e-01	2.2798903e-01	3.2483806e-02	1.1568757e-01	5.1651603e-05	3.6408719e-05	7.4085689e-02	7.5153889e-04	6.9790666e-01
3.6823880e-01	2.6052796e-01	3.1143947e-02	1.0205260e-01	5.3052423e-05	3.7310638e-05	6.6598272e-02	7.4795080e-04	7.1886085e-01
4.1278135e-01	2.9204156e-01	2.7059118e-02	8.8761474e-02	4.9817739e-05	3.4342071e-05	5.7910296e-02	7.2293425e-04	6.9077034e-01
4.6022222e-01	3.2560567e-01	1.8800368e-02	1.1914870e-02	1.5858378e-05	1.2982957e-05	1.5357619e-02	3.7952641e-04	1.8881908e-01
5.0445969e-01	3.5690333e-01	2.4256849e-03	2.5048874e-03	3.8295707e-06	2.4369995e-06	2.4652861e-03	1.4764342e-04	2.7866567e-02
5.5220565e-01	3.9068317e-01	6.8813246e-04	5.2091131e-04	1.3935096e-06	1.3935096e-06	6.0452188e-04	7.0641233e-05	6.2050369e-03
5.9812109e-01	4.2316787e-01	1.6809928e-04	2.0154494e-04	5.2258843e-07	8.7098071e-07	1.8482211e-04	3.9169784e-05	1.9104962e-03
6.4426535e-01	4.5581438e-01	7.1685582e-05	1.9342898e-04	5.2325242e-07	6.9766990e-07	1.3255728e-04	3.6009256e-05	1.7461805e-03
6.9025706e-01	4.8835290e-01	7.3996635e-05	2.6008026e-04	7.8626885e-07	5.2417923e-07	1.6703845e-04	4.2102228e-05	2.4685347e-03
7.3617250e-01	5.2083738e-01	1.0092195e-04	3.1637331e-04	6.9781815e-07	8.7227269e-07	2.0864763e-04	4.8015457e-05	3.2475585e-03
7.8224049e-01	5.5342969e-01	1.2502386e-04	2.9939465e-04	9.5903936e-07	5.2311238e-07	2.1220926e-04	5.1181482e-05	3.7916929e-03
8.2830848e-01	5.8602192e-01	1.3790542e-04	3.3674377e-04	3.4868628e-07	2.6151471e-07	2.3732460e-04	5.3154234e-05	4.0484656e-03
8.7422392e-01	6.1850613e-01	1.3692087e-04	3.2752936e-04	6.1008663e-07	8.7155232e-07	2.3222512e-04	5.3140088e-05	4.0710645e-03
9.2013936e-01	6.5099024e-01	1.4595914e-04	2.8449810e-04	9.6025749e-07	3.4918454e-07	2.1522862e-04	5.2116253e-05	3.9334329e-03
9.6620734e-01	6.8358217e-01	1.3646666e-04	2.5244152e-04	4.3599572e-07	8.7199144e-08	1.9445409e-04	5.0124409e-05	3.6652416e-03
1.0121991e+00	7.1612003e-01	1.2385752e-04	2.1047911e-04	1.7481654e-07	4.3704134e-07	1.6716831e-04	4.7149771e-05	3.2553899e-03
1.0581908e+00	7.4865777e-01	1.0884380e-04	1.9021416e-04	8.7495016e-08	3.4998006e-07	1.4952898e-04	4.4183391e-05	2.8413131e-03
1.1042588e+00	7.8124935e-01	9.0670456e-05	1.5803817e-04	2.6281292e-07	7.8843875e-07	1.2435431e-04	4.0784053e-05	2.4336038e-03
1.1502505e+00	8.1378684e-01	8.5593292e-05	1.1112265e-04	6.1200515e-07	8.7429307e-08	9.8357971e-05	3.6757705e-05	1.9899785e-03
1.1962422e+00	8.4632421e-01	6.2824208e-05	9.4804263e-05	0.0000000e+00	2.6213160e-07	7.8814235e-05	3.2812021e-05	1.5866826e-03
1.2404034e+00	8.7756642e-01	4.5423640e-05	7.8419232e-05	8.7521464e-08	1.7504293e-07	6.1921436e-05	2.9045358e-05	1.2419733e-03
1.2882256e+00	9.1139852e-01	3.4649449e-05	5.8421602e-05	8.7720123e-08	8.7720123e-08	4.6535525e-05	2.5032725e-05	9.1654371e-04
1.3342173e+00	9.4393546e-01	2.7919251e-05	3.6146241e-05	0.0000000e+00	8.7521164e-08	3.2032746e-05	2.1384318e-05	6.7968936e-04
1.3802090e+00	9.7647225e-01	1.7677566e-05	2.8266603e-05	8.7512704e-08	0.0000000e+00	2.2972085e-05	1.7899537e-05	4.7427510e-04
1.4262008e+00	1.0090089e+00	1.3850416e-05	1.4721512e-05	8.7109536e-08	8.7109536e-08	1.4285964e-05	1.4434828e-05	3.1307167e-04
1.4721925e+00	1.0415453e+00	7.4160008e-06	1.1167625e-05	8.7247068e-08	8.7247068e-08	9.2918128e-06	1.1236282e-05	1.8614162e-04
1.5182605e+00	1.0741356e+00	5.1464945e-06	5.5826381e-06	0.0000000e+00	0.0000000e+00	5.3645663e-06	8.7038277e-06	1.1265589e-04
1.5642522e+00	1.1066717e+00	2.4401372e-06	2.1786940e-06	0.0000000e+00	0.0000000e+00	2.3094156e-06	5.8588372e-06	5.1809342e-05
1.6101676e+00	1.1391537e+00	3.4917198e-07	1.3093949e-06	0.0000000e+00	0.0000000e+00	8.2928345e-07	3.7805323e-06	2.2739825e-05
1.6561593e+00	1.1716895e+00	6.9672520e-07	2.6127195e-07	0.0000000e+00	0.0000000e+00	4.7899857e-07	1.9398862e-06	4.6593498e-06
1.7022273e+00	1.2042790e+00	0.0000000e+00	2.6249541e-07	0.0000000e+00	8.7498471e-08	1.3124771e-07	7.5639765e-07	6.5623853e-07
1.7482190e+00	1.2368144e+00	8.7267047e-08	2.6180114e-07	0.0000000e+00	0.0000000e+00	1.7453409e-07	1.5311791e-06	3.4906819e-06
1.7941345e+00	1.2692956e+00	1.7452765e-07	9.5990206e-07	8.7263823e-08	0.0000000e+00	5.6721485e-07	2.4987536e-06	8.9445419e-06
1.8401262e+00	1.3018306e+00	6.9861887e-07	1.1352557e-06	8.7327359e-08	0.0000000e+00	9.1693727e-07	3.4034881e-06	1.6723189e-05
1.8861942e+00	1.3344193e+00	1.0468875e-06	1.2213687e-06	0.0000000e+00	0.0000000e+00	1.1341281e-06	3.9903138e-06	2.3642209e-05
1.9322621e+00	1.3670078e+00	5.2592678e-07	1.4024714e-06	0.0000000e+00	0.0000000e+00	9.6419910e-07	4.2620499e-06	2.9101282e-05
1.9782539e+00	1.3995422e+00	8.7410047e-07	1.5733808e-06	8.7410047e-08	0.0000000e+00	1.2237407e-06	4.6229746e-06	3.3565458e-05
2.0243218e+00	1.4321302e+00	1.2250769e-06	1.7501098e-06	0.0000000e+00	8.7505490e-08	1.4875933e-06	4.7120589e-06	3.3427097e-05
2.0703136e+00	1.4646641e+00	7.8550585e-07	8.7278428e-07	8.7278428e-08	0.0000000e+00	8.2914507e-07	4.3502273e-06	3.1376595e-05
2.1163053e+00	1.4971977e+00	1.0473560e-06	1.9201527e-06	8.7279667e-08	0.0000000e+00	1.4837543e-06	4.4312200e-06	2.8802290e-05
2.1622207e+00	1.5296772e+00	8.7370138e-07	1.3105521e-06	0.0000000e+00	0.0000000e+00	1.0921267e-06	4.1983731e-06	2.7128428e-05
2.2082887e+00	1.5622643e+00	4.3626212e-07	9.5977667e-07	0.0000000e+00	0.0000000e+00	6.9801940e-07	3.5955066e-06	2.0678825e-05
2.2542041e+00	1.5947432e+00	5.2493108e-07	7.8739662e-07	0.0000000e+00	0.0000000e+00	6.5616385e-07	3.2437750e-06	1.6141631e-05
2.2981365e+00	1.6258192e+00	3.4991990e-07	4.3739987e-07	0.0000000e+00	0.0000000e+00	3.9365988e-07	2.5925449e-06	1.0453857e-05
2.3462638e+00	1.6598622e+00	8.7557470e-08	1.7511494e-07	0.0000000e+00	8.7557470e-08	1.3133621e-07	2.0624886e-06	7.4861637e-06
2.3922556e+00	1.6923943e+00	4.3767079e-07	8.7534157e-08	0.0000000e+00	0.0000000e+00	2.6260247e-07	1.5851920e-06	3.4138321e-06
2.4382473e+00	1.7249262e+00	8.7603896e-08	8.7603896e-08	0.0000000e+00	0.0000000e+00	8.7603896e-08	1.0497454e-06	1.5768701e-06
2.4821797e+00	1.7560011e+00	0.0000000e+00	0.0000000e+00	0.0000000e+00	0.0000000e+00	0.0000000e+00	7.0145571e-07	1.1310633e-06
2.5302307e+00	1.7899890e+00	0.0000000e+00	2.6185668e-07	0.0000000e+00	0.0000000e+00	1.3092834e-07	7.5455711e-07	6.5464171e-07
2.5762224e+00	1.8225200e+00	8.7010029e-08	8.7010029e-08	8.7010029e-08	8.7010029e-08	8.7010029e-08	1.1071292e-06	1.8272106e-06
2.6222141e+00	1.8550507e+00	8.7292311e-08	0.0000000e+00	8.7292311e-08	1.7458462e-07	4.3646156e-08	1.0337015e-06	1.9640770e-06
2.6682058e+00	1.8875811e+00	2.6227095e-07	0.0000000e+00	8.7423650e-08	0.0000000e+00	1.3113548e-07	1.5515845e-06	4.2400470e-06
2.7142738e+00	1.9201652e+00	3.4971149e-07	2.6228361e-07	0.0000000e+00	0.0000000e+00	3.0599755e-07	1.9409264e-06	5.3768141e-06
2.7602655e+00	1.9526949e+00	1.7456920e-07	1.7456920e-07	0.0000000e+00	0.0000000e+00	1.7456920e-07	2.3599094e-06	9.7758752e-06
2.8063335e+00	1.9852784e+00	6.1117750e-07	5.2386643e-07	0.0000000e+00	0.0000000e+00	5.6752196e-07	2.3801444e-06	7.5524076e-06
2.8523252e+00	2.0178075e+00	3.4961706e-07	4.3702132e-07	0.0000000e+00	0.0000000e+00	3.9331919e-07	2.5189260e-06	9.7455754e-06
2.8964102e+00	2.0489877e+00	0.0000000e+00	6.1092792e-07	8.7275417e-08	0.0000000e+00	3.0546396e-07	2.3870404e-06	1.0080311e-05
2.9442324e+00	2.0828109e+00	2.6254726e-07	3.5006301e-07	0.0000000e+00	0.0000000e+00	3.0630513e-07	2.3799286e-06	8.9703646e-06
2.9902241e+00	2.1153391e+00	2.6274845e-07	8.7582817e-08	0.0000000e+00	8.7582817e-08	1.7516563e-07	2.2550944e-06	8.8458645e-06
3.0362158e+00	2.1478669e+00	5.2337078e-07	2.6168539e-07	8.7228464e-08	0.0000000e+00	3.9252809e-07	2.4903532e-06	9.5515168e-06
3.0822075e+00	2.1803943e+00	4.3762611e-07	2.6257567e-07	0.0000000e+00	0.0000000e+00	3.5010089e-07	2.2242495e-06	7.3521187e-06
3.1281992e+00	2.2129215e+00	1.7469051e-07	2.6203577e-07	0.0000000e+00	0.0000000e+00	2.1836314e-07	1.9873679e-06	6.2451859e-06
3.1741910e+00	2.2454482e+00	2.6278465e-07	1.7518976e-07	0.0000000e+00	0.0000000e+00	2.1898721e-07	1.8379053e-06	5.1243006e-06
3.2202589e+00	2.2780286e+00	1.7483162e-07	0.0000000e+00	8.7415809e-08	8.7415809e-08	8.7415809e-08	1.4199839e-06	3.6714640e-06
3.2662507e+00	2.3105546e+00	0.0000000e+00	1.7506793e-07	0.0000000e+00	8.7533964e-08	8.7533964e-08	1.3449758e-06	3.2387567e-06
3.3122424e+00	2.3430803e+00	8.7825932e-08	8.7825932e-08	8.7825932e-08	0.0000000e+00	8.7825932e-08	1.0060998e-06	1.4052149e-06
3.3581578e+00	2.3755516e+00	0.0000000e+00	2.6311404e-07	0.0000000e+00	0.0000000e+00	1.3155702e-07	7.5818026e-07	6.5778510e-07
3.4042258e+00	2.4081305e+00	0.0000000e+00	8.7593054e-08	8.7593054e-08	0.0000000e+00	4.3796527e-08	5.7769893e-07	4.8176180e-07
3.4502175e+00	2.4406550e+00	0.0000000e+00	0.0000000e+00	0.0000000e+00	1.7523921e-07	0.0000000e+00	1.9592339e-07	8.7619605e-08
3.4962092e+00	2.4731791e+00	0.0000000e+00	0.0000000e+00	0.0000000e+00	0.0000000e+00	0.0000000e+00	2.7686302e-07	1.7510355e-07
3.4997940e+00	2.4757142e+00	2.1413303e-08	2.3707586e-08	1.2761946e-08	1.2570756e-08	2.2560444e-08	5.4975235e-09	1.0188048e-07
3.5466247e+00	2.5088311e+00	2.6625104e-08	3.2504615e-08	1.2834543e-08	1.2547738e-08	2.9564860e-08	8.6428745e-09	3.5346379e-07
3.5931503e+00	2.5417320e+00	3.9698460e-08	4.4621929e-08	1.2906182e-08	1.2691079e-08	4.2160195e-08	1.2105968e-08	7.7176579e-07
3.6395996e+00	2.5745785e+00	5.2407760e-08	5.7452485e-08	1.1571786e-08	1.2169503e-08	5.4930123e-08	1.5248084e-08	1.2913659e-06
3.6860490e+00	2.6074245e+00	7.0195480e-08	6.8234980e-08	1.2982338e-08	1.2528076e-08	6.9215230e-08	1.8032055e-08	1.8522187e-06
3.7324221e+00	2.6402162e+00	8.3925596e-08	8.1509266e-08	1.2966840e-08	1.1794561e-08	8.2717431e-08	2.0256134e-08	2.3648094e-06
3.7788714e+00	2.6730614e+00	1.0079360e-07	9.1874028e-08	1.2243494e-08	1.2004363e-08	9.6333817e-08	2.1959632e-08	2.7867937e-06
3.8253207e+00	2.7059061e+00	1.1630411e-07	9.6334143e-08	1.2651629e-08	1.1814565e-08	1.0631912e-07	2.3124578e-08	3.0940886e-06
3.8717701e+00	2.7387505e+00	1.2024271e-07	9.7155920e-08	1.2297006e-08	1.2464475e-08	1.0869932e-07	2.3666457e-08	3.2571875e-06
3.9181432e+00	2.7715404e+00	1.2353658e-07	9.8269368e-08	1.2107207e-08	1.2370407e-08	1.1090298e-07	2.3668254e-08	3.2431523e-06
3.9645925e+00	2.8043838e+00	1.2290264e-07	9.1195865e-08	1.1845173e-08	1.2108399e-08	1.0704925e-07	2.3238216e-08	3.1264197e-06
4.0110418e+00	2.8372267e+00	1.1861856e-07	8.6024202e-08	1.2668932e-08	1.1710979e-08	1.0232138e-07	2.2317640e-08	2.8582571e-06
4.0573386e+00	2.8699614e+00	1.1050075e-07	7.5846529e-08	1.2213997e-08	1.2645080e-08	9.3173641e-08	2.0916334e-08	2.4909250e-06
4.1038643e+00	2.9028573e+00	9.9938478e-08	6.8677761e-08	1.3079197e-08	1.2504287e-08	8.4308119e-08	1.9246239e-08	2.0751248e-06
4.1503136e+00	2.9356988e+00	8.8921635e-08	6.0183159e-08	1.2405442e-08	1.2237801e-08	7.4552397e-08	1.7316370e-08	1.6433619e-06
4.1966867e+00	2.9684859e+00	7.5273478e-08	4.8575848e-08	1.2334830e-08	1.1976953e-08	6.1924663e-08	1.5137298e-08	1.2343777e-06
4.2431360e+00	3.0013265e+00	6.1093716e-08	4.3774685e-08	1.2810358e-08	1.1641442e-08	5.2434201e-08	1.3148296e-08	8.9956382e-07
4.2895854e+00	3.0341666e+00	5.2200771e-08	3.8267842e-08	1.2501464e-08	1.1952736e-08	4.5234307e-08	1.1441999e-08	6.5293908e-07
4.3359584e+00	3.0669522e+00	4.9147015e-08	3.6639470e-08	1.1361816e-08	1.1743726e-08	4.2893242e-08	1.0277642e-08	4.9619629e-07
4.3824840e+00	3.0998452e+00	4.2845108e-08	3.9384083e-08	1.1433319e-08	1.1528795e-08	4.1114595e-08	9.9789117e-09	4.6400417e-07
4.4287808e+00	3.1325759e+00	4.5353884e-08	3.9239827e-08	1.1487740e-08	1.0795132e-08	4.2296856e-08	1.0551443e-08	5.3536212e-07
4.4753065e+00	3.1654679e+00	5.0244659e-08	4.5375343e-08	1.1910729e-08	1.2388113e-08	4.7810001e-08	1.1827741e-08	6.9884235e-07
4.5216795e+00	3.1982515e+00	5.8145432e-08	5.0692115e-08	1.2016086e-08	1.0749977e-08	5.4418773e-08	1.3371925e-08	9.2643304e-07
4.5681289e+00	3.2310885e+00	7.0409837e-08	5.7747057e-08	1.3021161e-08	1.1993803e-08	6.4078447e-08	1.5195706e-08	1.2297710e-06
4.6132053e+00	3.2629544e+00	7.7817031e-08	6.4628514e-08	1.2232828e-08	1.2304504e-08	7.1222772e-08	1.6687088e-08	1.5167751e-06
4.6610276e+00	3.2967609e+00	9.3066734e-08	7.0672402e-08	1.1495917e-08	1.1687117e-08	8.1869568e-08	1.8154638e-08	1.8095553e-06
4.7074769e+00	3.3295963e+00	1.0777508e-07	7.8477465e-08	1.2187426e-08	1.1948457e-08	9.3126273e-08	1.9401855e-08	2.0699507e-06
4.7538500e+00	3.3623772e+00	1.1885452e-07	8.6057174e-08	1.2693433e-08	1.1641623e-08	1.0245585e-07	2.0255830e-08	2.2498453e-06
4.8002230e+00	3.3951576e+00	1.2851796e-07	8.6866185e-08	1.3389778e-08	1.1859518e-08	1.0769207e-07	2.0705960e-08	2.3481606e-06
4.8466724e+00	3.4279913e+00	1.3071350e-07	8.5555750e-08	1.3059390e-08	1.2628861e-08	1.0813462e-07	2.0752753e-08	2.3588703e-06
4.8931217e+00	3.4608245e+00	1.3680338e-07	8.6680421e-08	1.3206622e-08	1.1723270e-08	1.1174190e-07	2.0569162e-08	2.2860974e-06
4.9394948e+00	3.4936032e+00	1.3188122e-07	8.1938177e-08	1.1271286e-08	1.1654174e-08	1.0690970e-07	2.0115792e-08	2.1861149e-06
4.9860204e+00	3.5264891e+00	1.3871316e-07	8.2117041e-08	1.2999870e-08	1.1922532e-08	1.1041510e-07	1.9689657e-08	2.0508671e-06
5.0324698e+00	3.5593205e+00	1.3086025e-07	7.7376570e-08	1.2377378e-08	1.2233734e-08	1.0411841e-07	1.8908229e-08	1.8790632e-06
5.0787666e+00	3.5920436e+00	1.2089576e-07	7.6110684e-08	1.2932589e-08	1.2118315e-08	9.8503223e-08	1.7870763e-08	1.6473485e-06
5.1252159e+00	3.6248739e+00	1.1477844e-07	7.1721559e-08	1.2668015e-08	1.2715909e-08	9.3250000e-08	1.6836626e-08	1.4328746e-06
5.1717415e+00	3.6577574e+00	1.0497845e-07	6.7767273e-08	1.2379871e-08	1.2666111e-08	8.6372859e-08	1.5618241e-08	1.2085760e-06
5.2166654e+00	3.6895084e+00	9.8417688e-08	6.3862992e-08	1.1637468e-08	1.1852094e-08	8.1140340e-08	1.4613658e-08	1.0320741e-06
5.2644877e+00	3.7233072e+00	9.7018246e-08	6.2467725e-08	1.1262325e-08	1.1811124e-08	7.9742986e-08	1.3810865e-08	8.8795795e-07
5.3109370e+00	3.7561350e+00	9.1133083e-08	6.1168907e-08	1.1928414e-08	1.2572548e-08	7.6150995e-08	1.3139133e-08	7.8582006e-07
5.3574626e+00	3.7890162e+00	8.7722875e-08	6.1544422e-08	1.1860247e-08	1.1597747e-08	7.4633648e-08	1.2928326e-08	7.5606093e-07
5.4038357e+00	3.8217889e+00	8.7933562e-08	6.0102256e-08	1.2340296e-08	1.1194582e-08	7.4017909e-08	1.2979324e-08	7.6731819e-07
5.4502088e+00	3.8545610e+00	8.6912275e-08	6.0170037e-08	1.2177269e-08	1.2129515e-08	7.3541156e-08	1.3202791e-08	8.0685154e-07
5.4966581e+00	3.8873864e+00	9.1864014e-08	6.3647785e-08	1.1754771e-08	1.1922014e-08	7.7755899e-08	1.3791811e-08	8.9084202e-07
5.5431074e+00	3.9202111e+00	9.4479204e-08	6.6696823e-08	1.1872608e-08	1.2374267e-08	8.0588013e-08	1.4388432e-08	9.8799447e-07
5.5894805e+00	3.9529813e+00	1.0204060e-07	6.6353876e-08	1.0349866e-08	1.2453303e-08	8.4197236e-08	1.5036299e-08	1.0971456e-06
5.6359298e+00	3.9858047e+00	1.0650475e-07	6.6469862e-08	1.1568289e-08	1.2524346e-08	8.6487305e-08	1.5546982e-08	1.1905897e-06
5.6823792e+00	4.0186275e+00	1.1125549e-07	6.9047713e-08	1.1496002e-08	1.1735004e-08	9.0151601e-08	1.6002024e-08	1.2686233e-06
5.7288285e+00	4.0514496e+00	1.1796806e-07	6.4041851e-08	1.2052686e-08	1.2841850e-08	9.1004953e-08	1.6236255e-08	1.3169114e-06
5.7752016e+00	4.0842171e+00	1.2098471e-07	6.7893972e-08	1.1837801e-08	1.2005204e-08	9.4439343e-08	1.6440849e-08	1.3439132e-06
5.8216509e+00	4.1170379e+00	1.1856652e-07	6.4150780e-08	1.2390046e-08	1.2246532e-08	9.1358651e-08	1.6467266e-08	1.3654525e-06
5.8681003e+00	4.1498580e+00	1.1981148e-07	6.1879866e-08	1.1868683e-08	1.2514760e-08	9.0845674e-08	1.6336701e-08	1.3398092e-06
5.9145496e+00	4.1826774e+00	1.1764881e-07	5.9458471e-08	1.2202745e-08	1.2489868e-08	8.8553642e-08	1.5904860e-08	1.2586772e-06
5.9609227e+00	4.2154423e+00	1.1087519e-07	5.5521358e-08	1.3282049e-08	1.2994870e-08	8.3198276e-08	1.5486796e-08	1.1969998e-06
6.0073720e+00	4.2482603e+00	1.0608504e-07	5.1414126e-08	1.2236897e-08	1.2596102e-08	7.8749583e-08	1.4929411e-08	1.1053079e-06
6.0538977e+00	4.2811315e+00	9.8364754e-08	4.5806177e-08	1.2523069e-08	1.3385077e-08	7.2085465e-08	1.4230698e-08	1.0027674e-06
6.1002707e+00	4.3138943e+00	9.3487472e-08	4.2013073e-08	1.3150044e-08	1.3916531e-08	6.7750273e-08	1.3565221e-08	9.0087383e-07
6.1466438e+00	4.3466563e+00	8.2556329e-08	3.8642878e-08	1.3583702e-08	1.2984774e-08	6.0599604e-08	1.2826207e-08	8.0422945e-07
6.1931694e+00	4.3795254e+00	7.9554430e-08	3.6076173e-08	1.3917833e-08	1.2049346e-08	5.7815301e-08	1.2219104e-08	7.1746310e-07
6.2396188e+00	4.4123399e+00	7.5110955e-08	3.3727180e-08	1.2951810e-08	1.2951810e-08	5.4419067e-08	1.1706702e-08	6.5642776e-07
6.2859918e+00	4.4450998e+00	6.6441141e-08	3.3351783e-08	1.3359799e-08	1.3717650e-08	4.9896462e-08	1.1119475e-08	5.8676951e-07
6.3306107e+00	4.4766198e+00	6.2919149e-08	3.0230778e-08	1.3146929e-08	1.3075348e-08	4.6574964e-08	1.0698714e-08	5.4195888e-07
6.3788905e+00	4.5107252e+00	5.8482857e-08	2.9456088e-08	1.3308905e-08	1.3165798e-08	4.3969473e-08	1.0382189e-08	5.0954263e-07
6.4233568e+00	4.5421359e+00	5.3757631e-08	2.8728002e-08	1.3003954e-08	1.3003954e-08	4.1242816e-08	1.0137995e-08	4.8800619e-07
6.4717129e+00	4.5762937e+00	5.6115982e-08	2.6279752e-08	1.2388003e-08	1.2865383e-08	4.1197867e-08	9.9315247e-09	4.6234223e-07
6.5164080e+00	4.6078646e+00	5.2137967e-08	2.7907181e-08	1.1816984e-08	1.2031838e-08	4.0022574e-08	9.8352581e-09	4.5352153e-07
6.5644591e+00	4.6418053e+00	5.0273497e-08	2.6616785e-08	1.2628053e-08	1.2055136e-08	3.8445141e-08	9.6998650e-09	4.4342609e-07
6.6109084e+00	4.6746139e+00	5.0145044e-08	2.6099301e-08	1.2655654e-08	1.2488504e-08	3.8122173e-08	9.4896947e-09	4.1850815e-07
6.6573578e+00	4.7074217e+00	5.0877334e-08	2.6656857e-08	1.1298112e-08	1.1632517e-08	3.8767095e-08	9.3131227e-09	3.9390522e-07
6.7038071e+00	4.7402287e+00	5.0684040e-08	2.4458274e-08	1.1440931e-08	1.1894746e-08	3.7571157e-08	8.9403442e-09	3.5598253e-07
6.7503327e+00	4.7730888e+00	4.5356717e-08	2.3191876e-08	1.2873760e-08	1.1894495e-08	3.4274297e-08	8.5353133e-09	3.2382642e-07
6.7966295e+00	4.8057865e+00	4.3295943e-08	2.1349461e-08	1.2059819e-08	1.2179223e-08	3.2322702e-08	8.0707241e-09	2.8295200e-07
6.8431551e+00	4.8386450e+00	4.2797810e-08	2.0622284e-08	1.1589580e-08	1.1350620e-08	3.1710047e-08	7.6263549e-09	2.4125443e-07
6.8895282e+00	4.8713950e+00	3.7617354e-08	1.8306793e-08	1.1949604e-08	1.0635148e-08	2.7962074e-08	6.9830397e-09	1.9688168e-07
6.9360538e+00	4.9042519e+00	3.5041620e-08	1.6971044e-08	1.1568993e-08	1.2118760e-08	2.6006332e-08	6.3933126e-09	1.5553603e-07
6.9808252e+00	4.9358692e+00	2.9820570e-08	1.5651020e-08	1.1111030e-08	1.1326082e-08	2.2735795e-08	5.7210825e-09	1.1752602e-07
7.0288762e+00	4.9698018e+00	2.5934822e-08	1.4795995e-08	1.1234439e-08	1.1640791e-08	2.0365408e-08	5.0829153e-09	8.4353904e-08
7.0736476e+00	5.0014175e+00	2.2206213e-08	1.4413721e-08	1.1282382e-08	1.1306285e-08	1.8309967e-08	4.4549040e-09	5.6196779e-08
7.1216224e+00	5.0352945e+00	1.9239394e-08	1.3168827e-08	1.1232938e-08	1.1949934e-08	1.6204110e-08	3.8558557e-09	3.4869907e-08
7.1680717e+00	5.0680935e+00	1.6760332e-08	1.2910955e-08	1.0472219e-08	1.0854766e-08	1.4835643e-08	3.4064124e-09	2.1267211e-08
7.2145211e+00	5.1008916e+00	1.4185544e-08	1.2439263e-08	1.1984751e-08	1.1410632e-08	1.3312404e-08	3.2001569e-09	1.8120657e-08
7.2609704e+00	5.1336889e+00	1.3319782e-08	1.2148024e-08	1.1765409e-08	1.1693669e-08	1.2733903e-08	3.1481611e-09	1.7923118e-08
7.3073435e+00	5.1664316e+00	1.4276027e-08	1.2607710e-08	1.2250213e-08	1.0915560e-08	1.3441868e-08	3.2568977e-09	1.9852972e-08
7.3537928e+00	5.1992272e+00	1.5413753e-08	1.2912294e-08	1.1935534e-08	1.0958773e-08	1.4163023e-08	3.5094594e-09	2.6908553e-08
7.4002422e+00	5.2320219e+00	1.5981248e-08	1.3337554e-08	1.1979982e-08	1.0908214e-08	1.4659401e-08	3.8274974e-09	3.8143023e-08
7.4466915e+00	5.2648159e+00	1.7101263e-08	1.3409486e-08	1.0456065e-08	1.1670778e-08	1.5255374e-08	4.0305920e-09	4.5289765e-08
7.4930646e+00	5.2975551e+00	1.8800552e-08	1.4892706e-08	1.1509083e-08	1.0174697e-08	1.6846629e-08	4.3288104e-09	5.4447734e-08
7.5395139e+00	5.3303472e+00	2.0185615e-08	1.5204749e-08	1.0676689e-08	1.1320150e-08	1.7695182e-08	4.5041576e-09	6.0664087e-08
7.5860395e+00	5.3631924e+00	2.2473585e-08	1.5085662e-08	1.0938892e-08	1.1201044e-08	1.8779623e-08	4.6127727e-09	6.3130992e-08
7.6324126e+00	5.3959289e+00	2.4706609e-08	1.4809656e-08	1.1327837e-08	1.1828647e-08	1.9758132e-08	4.6864421e-09	6.4187102e-08
7.6787857e+00	5.4286646e+00	2.5325666e-08	1.4093662e-08	1.1756642e-08	1.1804336e-08	1.9709664e-08	4.6263191e-09	6.1370624e-08
7.7252350e+00	5.4614533e+00	2.2950250e-08	1.5960205e-08	1.1236557e-08	1.1952261e-08	1.9455228e-08	4.6139693e-09	6.0942218e-08
7.7717606e+00	5.4942948e+00	2.5509649e-08	1.5988274e-08	1.1669054e-08	1.0189542e-08	2.0748961e-08	4.4942729e-09	5.1269861e-08
7.8181337e+00	5.5270278e+00	2.3078448e-08	1.4271884e-08	1.1646621e-08	1.1264765e-08	1.8675166e-08	4.2107220e-09	4.3710628e-08
7.8645068e+00	5.5597599e+00	2.3636632e-08	1.4563986e-08	1.1340808e-08	1.1937693e-08	1.9100309e-08	4.0689665e-09	3.6218961e-08
7.9110324e+00	5.5925988e+00	2.2519843e-08	1.4065947e-08	1.1295743e-08	1.0985289e-08	1.8292895e-08	3.8253553e-09	2.8251299e-08
7.9574055e+00	5.6253291e+00	2.0422213e-08	1.3328181e-08	1.1895043e-08	1.0652991e-08	1.6875197e-08	3.5825222e-09	2.2583863e-08
8.0037785e+00	5.6580584e+00	1.9306526e-08	1.3404655e-08	1.2496674e-08	1.2448886e-08	1.6355590e-08	3.3515871e-09	1.5782129e-08
8.0503041e+00	5.6908945e+00	1.9353105e-08	1.2161395e-08	1.2710928e-08	1.2018039e-08	1.5757250e-08	3.1178679e-09	1.0022997e-08
8.0967535e+00	5.7236758e+00	1.6396689e-08	1.2667996e-08	1.2476781e-08	1.1042668e-08	1.4532343e-08	2.9397581e-09	7.5529939e-09
8.1430503e+00	5.7563485e+00	1.5035562e-08	1.2908113e-08	1.1306551e-08	1.2358323e-08	1.3971838e-08	2.8021823e-09	5.1273895e-09
8.1895759e+00	5.7891818e+00	1.5353345e-08	1.3224922e-08	1.0474712e-08	1.1192158e-08	1.4289133e-08	2.7987569e-09	4.3405485e-09
8.2360252e+00	5.8219602e+00	1.6502314e-08	1.2962687e-08	1.2771356e-08	1.1695118e-08	1.4732501e-08	2.8959370e-09	5.9073501e-09
8.2823983e+00	5.8546839e+00	1.4737254e-08	1.3923835e-08	1.1172561e-08	1.1938133e-08	1.4330545e-08	2.8297939e-09	5.0001399e-09
8.3287714e+00	5.8874067e+00	1.5528536e-08	1.2609459e-08	1.1724165e-08	1.1125993e-08	1.4068998e-08	2.9157568e-09	7.8719391e-09
8.3752970e+00	5.9202361e+00	1.5956612e-08	1.3666874e-08	1.1734907e-08	1.2355045e-08	1.4811743e-08	3.0364038e-09	9.6598323e-09
8.4217463e+00	5.9530107e+00	1.6060775e-08	1.3058316e-08	1.2033667e-08	1.1676231e-08	1.4559545e-08	3.1588050e-09	1.3963819e-08
8.4681194e+00	5.9857305e+00	1.7201435e-08	1.3079762e-08	1.1459682e-08	1.1531156e-08	1.5140599e-08	3.1456658e-09	1.2233985e-08
8.5145688e+00	6.0185032e+00	1.8163795e-08	1.3753950e-08	1.0202237e-08	1.1489435e-08	1.5958873e-08	3.2850342e-09	1.4624001e-08
8.5609418e+00	6.0512211e+00	1.8522935e-08	1.3469058e-08	1.2539336e-08	1.1418901e-08	1.5995996e-08	3.3219482e-09	1.5757606e-08
8.6073912e+00	6.0839917e+00	1.9506043e-08	1.2757620e-08	1.0802246e-08	1.1875317e-08	1.6131831e-08	3.2568136e-09	1.3437231e-08
8.6538405e+00	6.1167614e+00	1.7792423e-08	1.2187571e-08	1.0470340e-08	1.1519759e-08	1.4989997e-08	3.3057963e-09	1.7708947e-08
8.7002136e+00	6.1494763e+00	1.9816734e-08	1.2352669e-08	1.1374948e-08	1.0778777e-08	1.6084702e-08	3.3526596e-09	1.6704720e-08
8.7466629e+00	6.1822439e+00	2.0354902e-08	1.2742693e-08	1.1358656e-08	1.1406381e-08	1.6548798e-08	3.2693604e-09	1.2873938e-08
8.7931885e+00	6.2150644e+00	2.0328471e-08	1.2287750e-08	1.0927746e-08	1.0522131e-08	1.6308111e-08	3.2680304e-09	1.3444946e-08
8.8394853e+00	6.2477224e+00	1.9676015e-08	1.2440782e-08	1.0745397e-08	1.1199091e-08	1.6058398e-08	3.1674215e-09	1.0828972e-08
8.8859347e+00	6.2804870e+00	1.8168022e-08	1.1101354e-08	1.0695498e-08	1.1459462e-08	1.4634688e-08	3.0880636e-09	1.1793696e-08
8.9323840e+00	6.3132506e+00	1.8027109e-08	1.1675836e-08	1.0028325e-08	1.0935650e-08	1.4851472e-08	3.0694672e-09	1.0673003e-08
8.9789096e+00	6.3460669e+00	1.8177000e-08	1.1035183e-08	1.1130726e-08	1.0796326e-08	1.4606092e-08	2.9920473e-09	9.0646145e-09
9.0252064e+00	6.3787208e+00	1.6913981e-08	1.2231579e-08	1.1060979e-08	1.0535403e-08	1.4572780e-08	2.9958627e-09	9.0781251e-09
9.0716558e+00	6.4114812e+00	1.7440979e-08	1.1420257e-08	1.1253015e-08	1.0082319e-08	1.4430618e-08	2.9738692e-09	8.8638400e-09
9.1181051e+00	6.4442406e+00	1.7061815e-08	1.2019738e-08	1.0275323e-08	1.0251426e-08	1.4540776e-08	2.9320314e-09	7.3958426e-09
9.1645545e+00	6.4769990e+00	1.6176873e-08	1.1254516e-08	9.8925045e-09	1.1158936e-08	1.3715695e-08	2.8990565e-09	8.3632285e-09
9.2110038e+00	6.5097562e+00	1.5085386e-08	1.1379784e-08	1.0208336e-08	1.0829921e-08	1.3232585e-08	2.8848285e-09	9.0010268e-09
9.2573769e+00	6.5424586e+00	1.5251207e-08	1.1856738e-08	1.0924454e-08	9.6335993e-09	1.3553972e-08	2.8703021e-09	7.8646506e-09
9.3038262e+00	6.5752138e+00	1.5804101e-08	1.0854859e-08	9.4920241e-09	1.0687493e-08	1.3329480e-08	2.7905855e-09	6.3479405e-09
9.3502756e+00	6.6079678e+00	1.7027437e-08	1.1311766e-08	1.0594318e-08	1.0116019e-08	1.4169602e-08	2.8187733e-09	5.2493293e-09
9.3967249e+00	6.6407208e+00	1.5834986e-08	1.1912120e-08	9.6636473e-09	9.5679676e-09	1.3873553e-08	2.7834670e-09	4.9035834e-09
9.4413437e+00	6.6721819e+00	1.5803504e-08	1.1673586e-08	1.0312861e-08	1.0074137e-08	1.3738545e-08	2.7417258e-09	4.2373444e-09
9.4896236e+00	6.7062234e+00	1.6166451e-08	1.0571287e-08	1.0476051e-08	1.0357005e-08	1.3368869e-08	2.6979052e-09	4.1308972e-09
9.5360729e+00	6.7389731e+00	1.6762342e-08	1.1119338e-08	1.0833616e-08	1.0238362e-08	1.3940840e-08	2.7210784e-09	3.4643761e-09
9.5824460e+00	6.7716679e+00	1.5036594e-08	1.0413616e-08	1.0294467e-08	1.0270637e-08	1.2725105e-08	2.6116122e-09	3.3838295e-09
9.6288953e+00	6.8044153e+00	1.5531732e-08	1.0005104e-08	9.9098168e-09	1.1339117e-08	1.2768418e-08	2.5723935e-09	2.4536325e-09
9.6752684e+00	6.8371079e+00	1.3626301e-08	1.0791459e-08	9.7432818e-09	1.0005326e-08	1.2208880e-08	2.5723483e-09	3.5137752e-09
9.7216415e+00	6.8697993e+00	1.4060564e-08	1.0724159e-08	9.9138893e-09	1.0033047e-08	1.2392362e-08	2.5220496e-09	2.0018430e-09
9.7698451e+00	6.9037800e+00	1.5159740e-08	1.0511706e-08	9.9634766e-09	9.5582634e-09	1.2835723e-08	2.4873587e-09	3.9329513e-10
9.8128622e+00	6.9341035e+00	1.3499140e-08	1.0637132e-08	9.3730779e-09	1.0088580e-08	1.2068136e-08	2.4264347e-09	5.9625178e-10
9.8622861e+00	6.9689421e+00	1.2736403e-08	9.6834823e-09	8.9679541e-09	9.8027371e-09	1.1209943e-08	2.3579353e-09	9.5403767e-10
9.9073626e+00	7.0007151e+00	1.3339612e-08	1.0070333e-08	9.6646565e-09	9.2828429e-09	1.1704973e-08	2.3564334e-09	-8.3521722e-11
9.9538119e+00	7.0334546e+00	1.2311269e-08	9.3288882e-09	9.0902977e-09	9.2811701e-09	1.0820079e-08	2.3119633e-09	8.2313720e-10
1.0000261e+01	7.0661930e+00	1.1171348e-08	8.6172149e-09	9.5481605e-09	9.8107349e-09	9.8942813e-09	2.2354075e-09	1.2054553e-09
